     0/199     9.48G   0.06534   0.06173   0.01122    0.1383       183       640    0.2788    0.4478    0.2659   0.06443    0.0795    0.1739   0.01619
     1/199     9.48G    0.0473   0.05107  0.003466    0.1018       176       640    0.8476    0.7633     0.818    0.3377   0.05428    0.1568  0.007143
     2/199     9.48G   0.03914   0.05013  0.002363   0.09163       190       640    0.9053    0.8372    0.8838    0.3946   0.04824    0.1724  0.005708
     3/199     9.48G   0.03614    0.0485  0.002061   0.08671       188       640    0.9063    0.8553    0.9045    0.4331   0.04444    0.1891  0.004866
     4/199     9.48G   0.03473    0.0466  0.001716   0.08304       212       640    0.9258    0.8795    0.9268    0.4564   0.04184    0.1905  0.003842
     5/199     9.48G   0.03406   0.04787  0.001856   0.08378       130       640    0.9271    0.8628     0.916    0.4558   0.04127    0.2018  0.004064
     6/199     9.48G   0.03393   0.04677  0.001792    0.0825       175       640    0.9172    0.8672    0.9151    0.4691   0.04087    0.1891  0.003658
     7/199     9.48G   0.03363   0.04736   0.00156   0.08255       167       640    0.9277    0.8688    0.9223    0.4771   0.04061    0.1983  0.003926
     8/199     9.48G   0.03317    0.0469  0.001691   0.08175       150       640    0.9402    0.8654    0.9184    0.4783   0.03982    0.2063  0.003496
     9/199     9.48G    0.0336   0.04741  0.001772   0.08278       215       640    0.8878    0.8799    0.9158     0.455   0.04226    0.1987  0.004744
    10/199     9.48G   0.03342   0.04646  0.001619    0.0815       201       640    0.9103    0.8851    0.9212    0.4581   0.04195       0.2  0.004963
    11/199     9.48G   0.03412   0.04862  0.001769   0.08451       177       640    0.9064    0.8629      0.91    0.4324   0.04328    0.2008  0.004869
    12/199     9.48G   0.03407   0.04873  0.002054   0.08485       192       640    0.8932    0.8067    0.8677    0.4059   0.04389    0.2138  0.005733
    13/199     9.48G   0.03408   0.04903  0.002118   0.08523       171       640    0.8933    0.8525    0.8935    0.4356   0.04299    0.2153  0.004933
    14/199     9.48G    0.0349   0.04962  0.002193   0.08671       174       640    0.8592    0.8062      0.85    0.3889   0.04526    0.1957   0.00777
    15/199     9.48G   0.03503   0.05022  0.002372   0.08762       174       640    0.8458    0.7721    0.8121    0.3625   0.04866    0.2029  0.007265
    16/199     9.48G   0.03484   0.04976  0.002062   0.08666       148       640    0.8373    0.7801    0.8255    0.3923   0.04586    0.2075  0.006474
    17/199     9.48G   0.03448   0.04934   0.00228    0.0861       152       640    0.9117    0.8046     0.887    0.4276   0.04429    0.1934  0.005499
    18/199     9.48G   0.03441   0.04891  0.001951   0.08528       188       640    0.8951    0.8528    0.9012    0.4323    0.0443    0.2018  0.005333
    19/199     9.48G   0.03427   0.05001  0.002104   0.08639       186       640    0.9076    0.7964    0.8718    0.4331   0.04408    0.1965  0.005587
    20/199     9.48G   0.03389   0.04893  0.001907   0.08473       194       640    0.9031     0.868    0.9221     0.471   0.04105    0.2138  0.005699
    21/199     9.48G   0.03321    0.0481  0.001902   0.08321       193       640     0.938    0.8487    0.9227    0.4795   0.04024    0.1927  0.005489
    22/199     9.48G   0.03314   0.04797   0.00192   0.08303       186       640    0.9247    0.8561    0.9193    0.4851    0.0403    0.1969  0.005318
    23/199     9.48G   0.03277   0.04765  0.001676   0.08209       174       640    0.9029    0.8822    0.9259    0.4782   0.03954    0.2101  0.005695
    24/199     9.48G   0.03261   0.04732  0.001625   0.08156       126       640    0.9187     0.888    0.9309    0.4752   0.03973    0.1971   0.00438
    25/199     9.48G   0.03268   0.04746  0.001713   0.08185       179       640    0.9163    0.8596    0.9169    0.4779   0.04058    0.2065  0.005351
    26/199     9.48G   0.03262   0.04686  0.001474   0.08096       183       640    0.9159    0.8886    0.9283    0.4916   0.03858    0.2112  0.005055
    27/199     9.48G   0.03244   0.04727  0.001485    0.0812       172       640    0.9167    0.8905    0.9334    0.4951   0.03915     0.198  0.005177
    28/199     9.48G    0.0325   0.04638  0.001485   0.08037       190       640    0.9243    0.8783    0.9315    0.4923   0.03915    0.2009  0.004423
    29/199     9.48G    0.0321   0.04671  0.001371   0.08018       211       640    0.9339    0.8901    0.9372     0.493     0.039    0.2025  0.005311
    30/199     9.48G    0.0319   0.04623  0.001438   0.07957       165       640    0.9352    0.8807    0.9292    0.4826   0.03891    0.2038  0.004525
    31/199     9.48G   0.03205    0.0464  0.001434   0.07988       156       640    0.9458    0.8833    0.9366    0.4972   0.03798    0.2172  0.005506
    32/199     9.48G   0.03197   0.04549  0.001442    0.0789       155       640    0.9317    0.9027    0.9432    0.5121   0.03788      0.21  0.004759
    33/199     9.48G   0.03137   0.04561  0.001361   0.07834       154       640    0.9299    0.8916    0.9461    0.4919   0.03928    0.2059  0.006412
    34/199     9.48G   0.03146   0.04526   0.00134   0.07807       165       640    0.9281    0.9012     0.941    0.5041   0.03769    0.2062  0.005775
    35/199     9.48G   0.03159    0.0452  0.001365   0.07816       156       640     0.946    0.8821    0.9441    0.5109   0.03748    0.2112  0.004516
    36/199     9.48G   0.03115   0.04546  0.001317   0.07793       212       640    0.9373    0.9173    0.9502    0.5151   0.03712    0.2108  0.004692
    37/199     9.48G   0.03095   0.04453  0.001251   0.07673       183       640    0.9385    0.8946    0.9443    0.5148   0.03716    0.2071  0.004257
    38/199     9.48G   0.03068   0.04543  0.001336   0.07745       178       640    0.9411    0.9036    0.9461    0.5052   0.03706    0.2095  0.004039
    39/199     9.48G   0.03085   0.04562   0.00125   0.07771       165       640    0.9364    0.9174    0.9494     0.523   0.03671    0.2134  0.003259
    40/199     9.48G   0.03088   0.04511   0.00133   0.07732       153       640    0.9367    0.8915    0.9407    0.5136   0.03695    0.2141  0.005663
    41/199     9.48G   0.03065   0.04567  0.001133   0.07745       133       640    0.9503    0.8842    0.9422    0.5214   0.03723    0.2018  0.004306
    42/199     9.48G   0.03064   0.04462  0.001269   0.07653       174       640    0.9425    0.9042    0.9504    0.5183   0.03705    0.2002  0.004475
    43/199     9.48G   0.03053   0.04488  0.001189    0.0766       193       640    0.9397    0.9008    0.9422    0.5228   0.03681    0.2089  0.004397
    44/199     9.48G   0.03043    0.0452  0.001272    0.0769       164       640    0.9445     0.892    0.9435    0.5129   0.03724    0.2108  0.005096
    45/199     9.48G   0.03067   0.04544  0.001291    0.0774       210       640    0.9548     0.917    0.9579     0.532   0.03603    0.2189  0.003518
    46/199     9.48G   0.03012   0.04427  0.001227   0.07562       157       640    0.9302    0.9274    0.9547    0.5325   0.03599    0.2103  0.004348
    47/199     9.48G   0.03002   0.04376  0.001198   0.07498       142       640    0.9627    0.9016    0.9592    0.5315   0.03617     0.212  0.004205
    48/199     9.48G   0.02978   0.04335  0.001157   0.07429       170       640    0.9374    0.9113      0.95    0.5183   0.03638     0.212  0.004367
    49/199     9.48G   0.03003   0.04384   0.00126   0.07513       177       640    0.9528    0.9272    0.9662    0.5485   0.03504    0.2147  0.003947
    50/199     9.48G   0.02974   0.04375  0.001133   0.07462       207       640    0.9472    0.9229    0.9587    0.5356   0.03634    0.2054  0.003375
    51/199     9.48G   0.02978   0.04432  0.001205    0.0753       158       640    0.9433    0.9294    0.9598    0.5357   0.03559    0.2153  0.003258
    52/199     9.48G   0.02992   0.04445  0.001251   0.07562       177       640    0.9476    0.9285    0.9615    0.5381   0.03496    0.2114  0.003678
    53/199     9.48G   0.02939   0.04343  0.001044   0.07387       136       640    0.9355    0.9334    0.9577    0.5254   0.03626    0.2097  0.004675
    54/199     9.48G   0.02939   0.04316  0.001047    0.0736       138       640    0.9378    0.9426    0.9597    0.5455   0.03457    0.2192  0.003535
    55/199     9.48G    0.0294   0.04303  0.001044   0.07347       134       640    0.9381    0.9221    0.9578    0.5429   0.03464    0.2153  0.003739
    56/199     9.48G   0.02929   0.04329 0.0009968   0.07357       202       640    0.9337    0.9385    0.9603    0.5533   0.03449    0.2182  0.003009
    57/199     9.48G   0.02915   0.04316   0.00113   0.07344       159       640    0.9512     0.929     0.968    0.5555   0.03455    0.2124   0.00307
    58/199     9.48G   0.02914   0.04287 0.0009834     0.073       190       640    0.9477    0.9347    0.9666    0.5535   0.03451    0.2148  0.003181
    59/199     9.48G   0.02912   0.04309  0.001199   0.07341       184       640    0.9471    0.9213    0.9586     0.545   0.03467    0.2183  0.003747
    60/199     9.48G   0.02889    0.0431 0.0009811   0.07296       186       640    0.9546     0.947    0.9755    0.5671   0.03358    0.2195  0.002914
    61/199     9.48G   0.02881   0.04279  0.001074   0.07267       210       640    0.9461    0.9434    0.9687    0.5535   0.03459    0.2143  0.003066
    62/199     9.48G   0.02883   0.04248  0.001009   0.07232       163       640    0.9478    0.9461    0.9694     0.557   0.03355    0.2158  0.003557
    63/199     9.48G    0.0289   0.04283  0.001035   0.07277       156       640    0.9668     0.928    0.9716    0.5652   0.03365    0.2151  0.003501
    64/199     9.48G   0.02878   0.04242  0.001138   0.07234       193       640    0.9383    0.9459    0.9728    0.5648   0.03382    0.2196  0.003319
    65/199     9.48G   0.02879   0.04304  0.001073    0.0729       171       640    0.9415     0.947    0.9663    0.5636   0.03395    0.2178  0.003496
    66/199     9.48G   0.02883   0.04292 0.0009588   0.07271       211       640    0.9509    0.9371    0.9671    0.5584    0.0341    0.2147  0.003673
    67/199     9.48G   0.02857   0.04304 0.0009628   0.07257       176       640    0.9607    0.9289    0.9664    0.5706   0.03344    0.2135  0.002774
    68/199     9.48G   0.02841   0.04242  0.001038   0.07187       183       640    0.9526    0.9405    0.9673     0.569   0.03325    0.2184  0.003056
    69/199     9.48G   0.02825   0.04127 0.0009547   0.07047       149       640    0.9632     0.932    0.9687    0.5681   0.03353    0.2174  0.003141
    70/199     9.48G   0.02797   0.04209 0.0008843   0.07095       188       640    0.9594    0.9503    0.9732    0.5737   0.03335    0.2193  0.003114
    71/199     9.48G   0.02803   0.04288   0.00109     0.072       181       640    0.9623    0.9432    0.9745    0.5676   0.03299    0.2222   0.00363
    72/199     9.48G   0.02823   0.04296 0.0009746   0.07216       164       640    0.9439    0.9525    0.9722     0.565   0.03328    0.2205  0.003453
    73/199     9.48G   0.02784   0.04324 0.0009112   0.07199       162       640    0.9561    0.9407    0.9693    0.5717    0.0332     0.214  0.003237
    74/199     9.48G   0.02812   0.04278 0.0009664   0.07187       194       640    0.9531    0.9528    0.9743    0.5776   0.03294    0.2165  0.003397
    75/199     9.48G   0.02773   0.04247 0.0009848   0.07119       204       640    0.9564    0.9515    0.9706    0.5831   0.03257    0.2216  0.003306
    76/199     9.48G   0.02773   0.04139 0.0008441   0.06997       169       640    0.9675    0.9314    0.9743    0.5861   0.03241    0.2198  0.002972
    77/199     9.48G   0.02764   0.04201 0.0009816   0.07063       234       640    0.9599    0.9514     0.975    0.5882   0.03205    0.2234  0.003046
    78/199     9.48G   0.02733   0.04171 0.0008801   0.06992       141       640    0.9508    0.9453    0.9693    0.5787   0.03242    0.2197  0.003533
    79/199     9.48G   0.02763   0.04147 0.0008963   0.06999       168       640    0.9583    0.9475    0.9704    0.5823   0.03268    0.2203  0.003077
    80/199     9.48G   0.02727   0.04152 0.0007633   0.06956       240       640    0.9548     0.948    0.9681    0.5793   0.03228    0.2193  0.002811
    81/199     9.48G   0.02749   0.04215  0.000911   0.07056       171       640    0.9518    0.9388    0.9671    0.5831   0.03196    0.2231  0.003089
    82/199     9.48G   0.02738   0.04129 0.0009137   0.06959       188       640    0.9505    0.9586    0.9756    0.5828   0.03217    0.2205  0.002962
    83/199     9.48G    0.0273   0.04132 0.0009665   0.06959       199       640    0.9558     0.951    0.9743    0.5902   0.03182    0.2243  0.003181
    84/199     9.48G   0.02713   0.04112 0.0009273   0.06918       187       640    0.9639    0.9524    0.9773    0.5932   0.03146    0.2171  0.002911
    85/199     9.48G     0.027   0.04164 0.0008586    0.0695       139       640     0.956    0.9569    0.9742    0.5959   0.03137    0.2245  0.003179
    86/199     9.48G    0.0271   0.04136 0.0008427    0.0693       163       640    0.9555    0.9611    0.9796    0.6006   0.03116    0.2259  0.002866
    87/199     9.48G   0.02705   0.04169 0.0008624    0.0696       148       640    0.9548    0.9519    0.9756    0.5947    0.0314    0.2223  0.002914
    88/199     9.48G   0.02677   0.04202 0.0008751   0.06967       200       640    0.9584    0.9626    0.9823    0.5996   0.03122    0.2194  0.002912
    89/199     9.48G   0.02648   0.04078 0.0007933   0.06805       186       640     0.955    0.9578      0.98    0.6019   0.03093     0.221  0.003063
    90/199     9.48G   0.02656    0.0405 0.0007659   0.06783       183       640    0.9656    0.9464    0.9784     0.609   0.03076     0.224  0.002852
    91/199     9.48G   0.02652   0.04143 0.0008246   0.06877       147       640     0.956    0.9618    0.9785    0.6034   0.03103    0.2249  0.002765
    92/199     9.48G   0.02642   0.04089 0.0007787   0.06809       175       640    0.9562    0.9545    0.9731    0.6029   0.03104    0.2198  0.002775
    93/199     9.48G   0.02671    0.0408 0.0009071   0.06842       199       640    0.9673    0.9595    0.9813     0.607   0.03064    0.2251  0.002938
    94/199     9.48G   0.02618   0.04011 0.0008326   0.06712       161       640    0.9737     0.953    0.9794    0.6044   0.03054    0.2251  0.002774
    95/199     9.48G   0.02633   0.04068 0.0008939    0.0679       187       640    0.9661    0.9515    0.9791    0.6112   0.03047    0.2265  0.002519
    96/199     9.48G   0.02628   0.03983 0.0007684   0.06688       180       640    0.9523    0.9604    0.9764    0.6056   0.03043    0.2276  0.002959
    97/199     9.48G   0.02605   0.03988  0.000778   0.06671       148       640    0.9515    0.9667    0.9798    0.6096   0.03051    0.2231  0.002897
    98/199     9.48G   0.02614   0.04083 0.0008525   0.06782       161       640    0.9729    0.9488    0.9802    0.6114   0.03019    0.2245  0.002787
    99/199     9.48G   0.02616    0.0406 0.0007823   0.06754       164       640    0.9623    0.9592    0.9807    0.6097   0.03052    0.2226  0.002658
   100/199     9.48G   0.02609   0.04001 0.0007323   0.06683       141       640     0.957    0.9585    0.9794    0.6079   0.03062    0.2226  0.002711
   101/199     9.48G    0.0258   0.04052  0.000816   0.06714       190       640     0.968    0.9616    0.9812    0.6159   0.02994    0.2228  0.002701
   102/199     9.48G   0.02577   0.03922 0.0007387   0.06573       189       640    0.9756    0.9565    0.9826    0.6164   0.02979    0.2229   0.00255
   103/199     9.48G   0.02571   0.03986 0.0007321    0.0663       198       640    0.9707    0.9512    0.9774    0.6099   0.03041    0.2262  0.002765
   104/199     9.48G   0.02553   0.03969 0.0007191   0.06594       175       640    0.9688    0.9567    0.9807    0.6152   0.02988    0.2298  0.002763
   105/199     9.48G    0.0256   0.03898 0.0007903   0.06537       183       640    0.9667    0.9627    0.9827    0.6204   0.02961    0.2299  0.002623
   106/199     9.48G   0.02533   0.03908 0.0006901    0.0651       170       640     0.965    0.9599     0.981    0.6273   0.02922    0.2292  0.002763
   107/199     9.48G   0.02511    0.0394 0.0006893   0.06521       163       640    0.9688    0.9596    0.9809    0.6204    0.0296    0.2282  0.002752
   108/199     9.48G   0.02538   0.04019 0.0007503   0.06632       188       640    0.9641     0.963     0.982    0.6219   0.02966    0.2309  0.002774
   109/199     9.48G   0.02526   0.03937 0.0007909   0.06542       165       640    0.9675    0.9651     0.984     0.626   0.02918    0.2332  0.002701
   110/199     9.48G   0.02508   0.03955 0.0007849   0.06541       169       640    0.9666    0.9678    0.9811    0.6281   0.02883    0.2288  0.002754
   111/199     9.48G   0.02478    0.0391 0.0007082   0.06458       139       640    0.9647    0.9728    0.9857    0.6272   0.02898    0.2281  0.002783
   112/199     9.48G   0.02508   0.03947 0.0007532    0.0653       188       640    0.9665    0.9628    0.9834    0.6227   0.02924    0.2275  0.002698
   113/199     9.48G   0.02512   0.03924 0.0007329   0.06509       172       640     0.962    0.9691    0.9835    0.6292   0.02908    0.2275  0.002702
   114/199     9.48G    0.0246   0.03838 0.0007306   0.06371       164       640    0.9584    0.9748    0.9847    0.6292   0.02898    0.2296  0.002728
   115/199     9.48G   0.02462   0.03838 0.0005983    0.0636       184       640    0.9666    0.9697    0.9853    0.6297   0.02885    0.2275  0.002814
   116/199     9.48G   0.02437   0.03875 0.0006748   0.06379       172       640    0.9605     0.976     0.984    0.6309   0.02901    0.2268  0.002618
   117/199     9.48G   0.02451    0.0384 0.0007227   0.06363       187       640    0.9668    0.9739    0.9847    0.6354   0.02884    0.2294  0.002613
   118/199     9.48G   0.02469   0.03916 0.0007445   0.06459       132       640    0.9714    0.9655    0.9841    0.6323   0.02887    0.2285  0.002512
   119/199     9.48G   0.02456   0.03962 0.0007047   0.06488       187       640    0.9619    0.9691    0.9822    0.6334   0.02858    0.2303  0.002481
   120/199     9.48G   0.02465   0.03925  0.000688   0.06459       182       640    0.9609    0.9705    0.9825    0.6358   0.02866    0.2314  0.002515
   121/199     9.48G   0.02434   0.03854 0.0007329   0.06361       141       640     0.969    0.9629    0.9828    0.6335   0.02866    0.2314  0.002597
   122/199     9.48G   0.02441   0.03909 0.0006817   0.06418       204       640    0.9724    0.9623    0.9843    0.6357   0.02857    0.2329   0.00278
   123/199     9.48G   0.02411   0.03763 0.0006246   0.06237       230       640    0.9671     0.969     0.984     0.641   0.02829    0.2325  0.002694
   124/199     9.48G   0.02407   0.03849 0.0006995   0.06327       177       640    0.9718    0.9723    0.9851    0.6379   0.02812    0.2351   0.00265
   125/199     9.48G   0.02404   0.03847 0.0007117   0.06322       168       640    0.9748    0.9693     0.987     0.644   0.02791    0.2343  0.002674
   126/199     9.48G   0.02392   0.03822 0.0006758   0.06281       212       640    0.9746    0.9675     0.986     0.641   0.02798    0.2322  0.002689
   127/199     9.48G   0.02379   0.03873 0.0006954   0.06322       168       640    0.9744    0.9697    0.9861    0.6422   0.02814    0.2303  0.002834
   128/199     9.48G   0.02378   0.03829 0.0006964   0.06276       160       640    0.9741    0.9715    0.9854    0.6459   0.02802    0.2312    0.0028
   129/199     9.48G   0.02358   0.03788 0.0006398    0.0621       184       640    0.9736     0.969    0.9835    0.6465     0.028    0.2307  0.002653
   130/199     9.48G   0.02366   0.03817 0.0006483   0.06248       174       640    0.9731     0.968    0.9847    0.6429   0.02815    0.2313  0.002782
   131/199     9.48G   0.02371   0.03772 0.0006268   0.06206       169       640    0.9704    0.9714     0.986    0.6445   0.02802    0.2326  0.002816
   132/199     9.48G   0.02345     0.038 0.0006244   0.06207       156       640    0.9763    0.9675     0.986    0.6446   0.02803    0.2318  0.002787
   133/199     9.48G   0.02344   0.03769 0.0006664    0.0618       171       640    0.9769    0.9634    0.9848    0.6482   0.02778    0.2315  0.002744
   134/199     9.48G   0.02338   0.03706 0.0006165   0.06105       184       640    0.9757    0.9669    0.9861    0.6487   0.02777    0.2318  0.002807
   135/199     9.48G   0.02337   0.03772 0.0005947   0.06168       173       640    0.9741    0.9687    0.9859     0.647   0.02779    0.2329  0.002754
   136/199     9.48G   0.02317    0.0374 0.0006518   0.06122       204       640    0.9687     0.977    0.9885    0.6464    0.0277    0.2338  0.002719
   137/199     9.48G   0.02312   0.03726 0.0006375   0.06102       173       640    0.9688    0.9762    0.9858    0.6499   0.02753    0.2348  0.002773
   138/199     9.48G   0.02298   0.03772 0.0006092   0.06131       167       640    0.9716    0.9718    0.9871    0.6486    0.0276    0.2323  0.002759
   139/199     9.48G   0.02285   0.03611 0.0005285   0.05948       183       640    0.9722    0.9734    0.9861    0.6486   0.02752    0.2334  0.002717
   140/199     9.48G   0.02291   0.03698 0.0006258   0.06052       190       640    0.9728    0.9745    0.9866    0.6482   0.02761     0.233  0.002637
   141/199     9.48G   0.02269   0.03704 0.0005529   0.06028       174       640    0.9684    0.9749    0.9854    0.6488   0.02757    0.2334  0.002531
   142/199     9.48G   0.02263   0.03644 0.0005796   0.05965       175       640    0.9728    0.9746    0.9873    0.6494   0.02753    0.2339  0.002475
   143/199     9.48G   0.02254   0.03713 0.0005432   0.06021       201       640    0.9684    0.9795    0.9869    0.6522   0.02745    0.2349  0.002545
   144/199     9.48G   0.02249   0.03613 0.0004784    0.0591       224       640     0.971    0.9767    0.9864    0.6535   0.02737    0.2351  0.002621
   145/199     9.48G    0.0222   0.03604 0.0005239   0.05876       196       640    0.9703    0.9783    0.9873    0.6548   0.02731    0.2348  0.002583
   146/199     9.48G   0.02258   0.03675 0.0005773   0.05991       200       640    0.9706    0.9786    0.9887    0.6531   0.02736    0.2352  0.002593
   147/199     9.48G   0.02214   0.03625 0.0005079   0.05891       191       640    0.9695    0.9763    0.9869    0.6539   0.02743    0.2349   0.00261
   148/199     9.48G    0.0222   0.03718  0.000553   0.05993       233       640    0.9751    0.9662     0.986    0.6535   0.02731    0.2348   0.00267
   149/199     9.48G   0.02201   0.03631 0.0005001   0.05882       204       640    0.9727    0.9742    0.9867    0.6544   0.02724    0.2352  0.002673
   150/199     9.48G   0.02234   0.03738 0.0005077   0.06022       175       640    0.9738    0.9747    0.9877    0.6568    0.0271    0.2363  0.002645
   151/199     9.48G   0.02214    0.0362 0.0005501   0.05889       192       640    0.9737    0.9774    0.9887    0.6602   0.02699    0.2371  0.002644
   152/199     9.48G   0.02213   0.03668 0.0006131   0.05942       177       640    0.9766    0.9736    0.9888    0.6591   0.02699    0.2375  0.002674
   153/199     9.48G   0.02205   0.03678 0.0005394   0.05936       175       640    0.9721    0.9727    0.9876    0.6596   0.02698    0.2377  0.002656
   154/199     9.48G   0.02193   0.03622 0.0005299   0.05869       184       640    0.9747    0.9715    0.9877    0.6604   0.02689    0.2381  0.002635
   155/199     9.48G   0.02174   0.03641 0.0004876   0.05864       167       640    0.9699    0.9764    0.9878    0.6603   0.02688    0.2377  0.002599
   156/199     9.48G   0.02162   0.03575 0.0005506   0.05792       154       640    0.9671    0.9773    0.9876     0.662   0.02675     0.238  0.002616
   157/199     9.48G    0.0218   0.03542 0.0004789   0.05771       128       640    0.9682    0.9766    0.9864     0.661   0.02672    0.2378  0.002614
   158/199     9.48G   0.02188   0.03636 0.0005844   0.05882       168       640    0.9701    0.9783    0.9862    0.6613   0.02677    0.2373  0.002583
   159/199     9.48G   0.02172   0.03626 0.0005466   0.05852       169       640     0.972    0.9794    0.9874    0.6609   0.02674    0.2371  0.002573
   160/199     9.48G   0.02184   0.03668 0.0006142   0.05913       195       640     0.969    0.9802    0.9879    0.6615   0.02666    0.2372  0.002608
   161/199     9.48G   0.02162   0.03617 0.0005108    0.0583       187       640    0.9742    0.9761    0.9877    0.6629   0.02659    0.2378  0.002591
   162/199     9.48G   0.02138   0.03471 0.0005059    0.0566       120       640    0.9753    0.9753    0.9879    0.6642   0.02654    0.2382  0.002554
   163/199     9.48G   0.02133   0.03574 0.0005266   0.05759       191       640     0.973    0.9781    0.9888    0.6634   0.02657    0.2384  0.002538
   164/199     9.48G   0.02156   0.03642 0.0006019   0.05858       174       640    0.9741    0.9756    0.9879    0.6632   0.02658    0.2387  0.002525
   165/199     9.48G   0.02131   0.03551 0.0004914   0.05731       204       640     0.974     0.972    0.9859    0.6644   0.02653    0.2387  0.002507
   166/199     9.48G   0.02124   0.03489 0.0005002   0.05663       175       640    0.9761    0.9717    0.9859    0.6635   0.02653    0.2388  0.002482
   167/199     9.48G   0.02128   0.03585 0.0005398   0.05767       178       640     0.976    0.9736    0.9886    0.6629    0.0265    0.2391  0.002456
   168/199     9.48G   0.02111   0.03559 0.0004958    0.0572       177       640    0.9701    0.9786    0.9875    0.6649   0.02647    0.2393  0.002466
   169/199     9.48G   0.02132   0.03575 0.0006283    0.0577       138       640     0.979      0.97    0.9875    0.6643   0.02651    0.2395  0.002479
   170/199     9.48G   0.02108   0.03567  0.000549   0.05729       194       640    0.9793    0.9743    0.9891    0.6656   0.02646      0.24  0.002488
   171/199     9.48G   0.02114   0.03606 0.0005272   0.05773       185       640    0.9779     0.973    0.9876    0.6667   0.02644    0.2402  0.002502
   172/199     9.48G   0.02095   0.03536 0.0006123   0.05692       213       640    0.9793     0.972    0.9869    0.6669   0.02641    0.2405  0.002525
   173/199     9.48G   0.02105   0.03509 0.0005288   0.05667       213       640    0.9818    0.9741    0.9895    0.6681   0.02638    0.2409  0.002539
   174/199     9.48G   0.02111   0.03596 0.0005165   0.05758       165       640    0.9783    0.9733    0.9874    0.6667   0.02637     0.241  0.002555
   175/199     9.48G   0.02089    0.0359 0.0004816   0.05727       163       640    0.9815    0.9687    0.9871    0.6673   0.02638    0.2412  0.002547
   176/199     9.48G   0.02094   0.03489 0.0005116   0.05634       178       640    0.9789    0.9718    0.9874    0.6679   0.02633    0.2414  0.002552
   177/199     9.48G   0.02075   0.03485 0.0004992    0.0561       197       640     0.979    0.9704    0.9879    0.6677   0.02632    0.2416  0.002545
   178/199     9.48G   0.02078   0.03541 0.0004878   0.05668       171       640     0.977    0.9732    0.9874    0.6682    0.0263    0.2417  0.002526
   179/199     9.48G   0.02093   0.03565 0.0005725   0.05715       177       640    0.9762    0.9724    0.9877    0.6666   0.02631    0.2416  0.002517
   180/199     9.48G   0.02042   0.03435  0.000494   0.05525       153       640    0.9769     0.973    0.9874    0.6689   0.02627    0.2416  0.002508
   181/199     9.48G   0.02052   0.03391 0.0004167   0.05485       126       640     0.977    0.9737    0.9875    0.6697   0.02625    0.2418  0.002504
   182/199     9.48G   0.02053   0.03489 0.0004932   0.05591       192       640    0.9756    0.9739    0.9876    0.6688   0.02623     0.242  0.002499
   183/199     9.48G   0.02062   0.03551 0.0005155   0.05665       132       640    0.9743     0.974    0.9861    0.6687    0.0262    0.2419  0.002495
   184/199     9.48G    0.0204   0.03504 0.0004836   0.05592       172       640    0.9721    0.9808    0.9879    0.6691   0.02618     0.242  0.002488
   185/199     9.48G   0.02045   0.03397 0.0004704   0.05489       184       640    0.9731     0.981    0.9894    0.6703   0.02616    0.2419  0.002477
   186/199     9.48G   0.02066   0.03514 0.0004819   0.05628       164       640    0.9744    0.9806    0.9905    0.6704   0.02614    0.2419  0.002473
   187/199     9.48G   0.02055   0.03515 0.0005083   0.05621       187       640    0.9757    0.9788    0.9899    0.6699   0.02612    0.2422  0.002474
   188/199     9.48G   0.02039    0.0346 0.0004775   0.05547       133       640    0.9741    0.9796    0.9894    0.6711    0.0261    0.2422   0.00248
   189/199     9.48G    0.0203   0.03452 0.0004557   0.05528       145       640    0.9732    0.9782    0.9891    0.6703   0.02609    0.2422   0.00248
   190/199     9.48G   0.02045   0.03496 0.0004986   0.05591       192       640    0.9726    0.9796    0.9889      0.67   0.02611    0.2422  0.002478
   191/199     9.48G   0.02031   0.03429 0.0004924   0.05509       197       640     0.974     0.979    0.9887    0.6698    0.0261    0.2423  0.002478
   192/199     9.48G   0.02029   0.03455 0.0005092   0.05535       176       640    0.9743    0.9798    0.9893    0.6695   0.02609    0.2423   0.00247
   193/199     9.48G   0.02019   0.03448 0.0004343    0.0551       140       640    0.9747    0.9802    0.9894    0.6713   0.02608    0.2424  0.002464
   194/199     9.48G   0.02048   0.03487  0.000544    0.0559       156       640    0.9764    0.9775    0.9892    0.6709   0.02608    0.2424  0.002461
   195/199     9.48G   0.02012   0.03403 0.0004467    0.0546       169       640    0.9755    0.9792    0.9892    0.6714   0.02607    0.2425  0.002459
   196/199     9.48G   0.02036   0.03504  0.000469   0.05587       206       640    0.9759    0.9791    0.9886    0.6712   0.02606    0.2427  0.002457
   197/199     9.48G   0.02025   0.03509 0.0004551    0.0558       108       640    0.9755    0.9782    0.9887    0.6709   0.02605    0.2427  0.002454
   198/199     9.48G   0.02033   0.03426  0.000422   0.05501       169       640    0.9756    0.9783    0.9885    0.6709   0.02606    0.2428  0.002456
   199/199     9.48G   0.02042   0.03507 0.0005463   0.05603       157       640    0.9757    0.9781    0.9885    0.6714   0.02605    0.2427  0.002457
