     0/199     11.5G   0.05975   0.06189    0.0132    0.1348       177       640     0.642    0.5702    0.5801    0.1915   0.06512    0.1746   0.01413
     1/199     11.5G   0.04539   0.05184  0.004766     0.102       200       640    0.8325    0.7757     0.817    0.3412    0.0523    0.1708  0.009827
     2/199     11.5G   0.03986   0.04983  0.003098   0.09278       150       640    0.8889    0.8464     0.882    0.4034    0.0469    0.1764  0.008037
     3/199     11.5G    0.0373   0.04857  0.002345   0.08821       116       640    0.9027    0.8746    0.9087    0.4444   0.04436    0.1908  0.006079
     4/199     11.5G   0.03583   0.04689  0.002143   0.08486       175       640    0.8928    0.8764    0.8961    0.4215   0.04494    0.1912  0.006636
     5/199     11.5G   0.03495    0.0472  0.002024   0.08418       180       640     0.917    0.8692    0.9055     0.448   0.04208    0.1872  0.007028
     6/199     11.5G   0.03448   0.04713  0.001738   0.08334       147       640    0.8991    0.8275    0.8824    0.4002   0.04587    0.1915  0.006769
     7/199     11.5G   0.03374   0.04588  0.001779    0.0814       131       640    0.9196    0.8752    0.9192    0.4335   0.04423    0.1986  0.007376
     8/199     11.5G   0.03369   0.04669  0.001708   0.08209       179       640    0.9113    0.8741    0.9152    0.4584   0.04358    0.1892  0.006326
     9/199     11.5G   0.03331   0.04788  0.001862   0.08305       158       640    0.9202     0.842    0.9017    0.4436   0.04381    0.1978  0.006131
    10/199     11.5G   0.03402   0.04771  0.001921   0.08365       148       640    0.9073     0.882    0.9193    0.4507   0.04243    0.1885  0.006428
    11/199     11.5G   0.03399   0.04693  0.001777   0.08269       177       640     0.915    0.8251    0.8857    0.4001   0.04768    0.1972  0.006341
    12/199     11.5G   0.03439   0.04814  0.002046   0.08457       153       640    0.9253     0.824    0.9025    0.4355   0.04475    0.1867  0.006381
    13/199     11.5G   0.03448   0.04906  0.002166   0.08571       240       640    0.8812    0.8513    0.8852    0.4217   0.04421    0.1896  0.006316
    14/199     11.5G   0.03499    0.0506  0.002314    0.0879       186       640    0.8582    0.8184    0.8541    0.4004    0.0452    0.1876  0.009376
    15/199     11.5G   0.03563   0.05185  0.002635   0.09012       256       640    0.8576    0.8219    0.8786    0.4248   0.04547    0.1965  0.008735
    16/199     11.5G   0.03521   0.05038  0.002356   0.08794       166       640    0.8987    0.8524    0.8963    0.4338   0.04525    0.1987  0.007378
    17/199     11.5G   0.03486   0.05086  0.002351   0.08808       182       640    0.8682    0.8439    0.8784     0.414   0.04481    0.1912  0.006946
    18/199     11.5G   0.03427   0.04927  0.001984   0.08553       190       640    0.9072    0.8593    0.9115    0.4512   0.04409    0.1834  0.006148
    19/199     11.5G   0.03399   0.04873  0.001907   0.08463       168       640    0.9345    0.8414    0.9179    0.4495   0.04325    0.1985  0.006098
    20/199     11.5G   0.03391   0.04926  0.002046   0.08521       166       640    0.9094    0.8679    0.9061    0.4461   0.04309    0.1968  0.005438
    21/199     11.5G   0.03343    0.0483  0.001799   0.08354       199       640     0.913    0.8779    0.9252     0.467   0.04218    0.1907  0.004765
    22/199     11.5G   0.03319   0.04718  0.001791   0.08216       130       640    0.9102    0.8712    0.9234    0.4698   0.04149     0.193  0.006328
    23/199     11.5G   0.03322   0.04706  0.001876   0.08215       174       640    0.9203    0.8603    0.9206     0.471   0.04183    0.1935  0.005906
    24/199     11.5G   0.03297   0.04791  0.001649   0.08253       171       640    0.9154    0.8687    0.9166    0.4854    0.0411    0.1939  0.005638
    25/199     11.5G   0.03296     0.048  0.001745   0.08271       143       640    0.8881    0.8961    0.9195    0.4667   0.04165    0.1913  0.006391
    26/199     11.5G   0.03286   0.04772  0.001866   0.08245       179       640    0.9351    0.8892     0.931    0.4924   0.04086    0.1916  0.005165
    27/199     11.5G   0.03263    0.0465  0.001606   0.08073       179       640     0.914    0.8748    0.9201    0.4603   0.04166    0.1963  0.006509
    28/199     11.5G   0.03272   0.04761  0.001696   0.08202       198       640    0.9174    0.8815    0.9222    0.4625   0.04188    0.1915  0.006811
    29/199     11.5G   0.03246   0.04715  0.001658   0.08127       154       640     0.912    0.9009    0.9284    0.4812   0.04037    0.2021  0.005974
    30/199     11.5G   0.03194    0.0471  0.001549   0.08058       181       640    0.9063    0.8867    0.9225    0.4826   0.04048    0.1973   0.00531
    31/199     11.5G   0.03215   0.04633  0.001509   0.07999       184       640    0.9117    0.8993     0.934    0.4874   0.03964    0.1966  0.006004
    32/199     11.5G   0.03189   0.04627  0.001487   0.07965       175       640    0.9365    0.8957    0.9421    0.4863   0.04022    0.1923  0.005535
    33/199     11.5G   0.03162   0.04609  0.001396    0.0791       178       640    0.9246    0.8903    0.9323     0.489   0.03992    0.1935  0.005077
    34/199     11.5G   0.03138    0.0463  0.001516    0.0792       210       640    0.9026    0.8944    0.9339    0.5067   0.03916    0.1971  0.006307
    35/199     11.5G   0.03132   0.04617  0.001396   0.07889       150       640    0.9459    0.9053    0.9511    0.5151   0.03862    0.1986  0.004651
    36/199     11.5G   0.03131   0.04534  0.001488   0.07813       142       640    0.9325    0.8912    0.9386    0.5046   0.03858    0.2045  0.005258
    37/199     11.5G   0.03114    0.0456  0.001441   0.07818       180       640    0.9466    0.9048    0.9438    0.5158    0.0385    0.1982  0.005318
    38/199     11.5G   0.03103   0.04445  0.001238   0.07671       158       640    0.9504    0.8809    0.9451    0.5065   0.03893    0.2051  0.005105
    39/199     11.5G   0.03123   0.04525  0.001297   0.07778       172       640    0.9312    0.9118    0.9462    0.5073   0.03852    0.1967  0.005986
    40/199     11.5G   0.03075   0.04532  0.001285   0.07735       165       640    0.9291    0.9198    0.9545     0.532   0.03726    0.2019  0.005012
    41/199     11.5G   0.03064   0.04528  0.001206   0.07713       180       640    0.9337    0.9076     0.945    0.5201   0.03792    0.2016  0.004931
    42/199     11.5G   0.03074   0.04543  0.001277   0.07744       171       640    0.9389    0.9118    0.9461     0.521   0.03747     0.205  0.004705
    43/199     11.5G    0.0305   0.04431  0.001241   0.07605       183       640     0.937    0.9215    0.9524    0.5303   0.03724     0.209  0.004283
    44/199     11.5G    0.0304    0.0447  0.001191   0.07629       167       640    0.9438    0.9143    0.9512    0.5228   0.03717    0.2041  0.004574
    45/199     11.5G   0.03042   0.04509  0.001274   0.07678       128       640    0.9307    0.9276    0.9527    0.5198   0.03749    0.2064  0.004728
    46/199     11.5G   0.03041   0.04517  0.001287   0.07687       159       640     0.943    0.9064    0.9485    0.5233   0.03703    0.2058  0.004506
    47/199     11.5G   0.03033   0.04468  0.001239   0.07625       186       640    0.9345    0.9176     0.953    0.5342   0.03659    0.2013   0.00487
    48/199     11.5G   0.03024   0.04419  0.001299   0.07573       186       640    0.9338    0.9139    0.9493    0.5227   0.03681     0.211  0.004563
    49/199     11.5G   0.03005   0.04397  0.001202   0.07522       193       640    0.9299    0.9331    0.9598    0.5335   0.03669    0.2096  0.004077
    50/199     11.5G   0.03004   0.04512  0.001277   0.07644       206       640    0.9558    0.9201    0.9568    0.5337   0.03673    0.2074     0.004
    51/199     11.5G   0.02988   0.04363  0.001148   0.07465       186       640    0.9539    0.9107     0.955    0.5329   0.03681    0.2057  0.004562
    52/199     11.5G   0.02998   0.04359  0.001271   0.07484       168       640    0.9451    0.9352    0.9591    0.5429   0.03569    0.2047  0.004923
    53/199     11.5G   0.02998   0.04428  0.001234   0.07549       201       640    0.9379    0.9247    0.9529    0.5377   0.03642    0.2054   0.00486
    54/199     11.5G   0.02972   0.04284  0.001114   0.07368       160       640    0.9526    0.9195    0.9622    0.5515   0.03563    0.2089  0.003599
    55/199     11.5G   0.02952   0.04393  0.001118   0.07457       140       640    0.9614    0.9288    0.9652    0.5458   0.03563    0.2073  0.003841
    56/199     11.5G   0.02921   0.04356  0.001113   0.07389       177       640    0.9589    0.9294    0.9689    0.5546   0.03482    0.2089  0.004227
    57/199     11.5G   0.02977   0.04381  0.001237   0.07481       157       640     0.944     0.937    0.9628    0.5408   0.03576    0.2074  0.004005
    58/199     11.5G   0.02928   0.04318  0.001109   0.07357       168       640    0.9489    0.9417    0.9666    0.5585   0.03492     0.205  0.004167
    59/199     11.5G   0.02931    0.0432  0.001099    0.0736       189       640    0.9483    0.9364    0.9693    0.5489   0.03537    0.2066  0.004124
    60/199     11.5G   0.02882   0.04298  0.001087   0.07289       170       640    0.9566    0.9352    0.9679    0.5472   0.03462    0.2059   0.00414
    61/199     11.5G   0.02914   0.04355   0.00117   0.07386       172       640    0.9484    0.9383    0.9683     0.541   0.03576     0.202  0.004459
    62/199     11.5G   0.02902   0.04289   0.00118   0.07309       185       640    0.9335    0.9501    0.9674    0.5534   0.03521    0.2021  0.004207
    63/199     11.5G   0.02867   0.04223  0.001014   0.07191       144       640    0.9374    0.9374    0.9629    0.5522   0.03513    0.2057  0.004113
    64/199     11.5G   0.02895   0.04296  0.001021   0.07294       202       640    0.9552    0.9459    0.9703     0.565   0.03398    0.2067  0.003805
    65/199     11.5G   0.02874   0.04306  0.001073   0.07287       205       640    0.9448    0.9532    0.9703    0.5669   0.03431    0.2058  0.003853
    66/199     11.5G   0.02883   0.04218  0.001073   0.07208       185       640    0.9525    0.9525    0.9736     0.565   0.03427    0.2045  0.003875
    67/199     11.5G   0.02827   0.04172 0.0009806   0.07097       145       640     0.948    0.9493    0.9724    0.5674   0.03381    0.2064  0.003537
    68/199     11.5G   0.02819   0.04233  0.001012   0.07153       197       640    0.9641    0.9352    0.9702    0.5585   0.03482    0.2046   0.00405
    69/199     11.5G    0.0283   0.04227  0.000933    0.0715       169       640    0.9606    0.9387    0.9683    0.5734   0.03402    0.2043  0.004006
    70/199     11.5G   0.02827   0.04243  0.001051   0.07175       243       640     0.949    0.9511    0.9734    0.5735   0.03366     0.207  0.003682
    71/199     11.5G     0.028   0.04248  0.001085   0.07157       218       640    0.9632    0.9494    0.9739    0.5764   0.03317    0.2065  0.004028
    72/199     11.5G   0.02807   0.04173 0.0009018    0.0707       179       640    0.9721    0.9317    0.9706    0.5682   0.03349    0.2066  0.003727
    73/199     11.5G   0.02794   0.04094 0.0008594   0.06974       195       640    0.9625    0.9496    0.9767    0.5767   0.03353    0.2091   0.00405
    74/199     11.5G   0.02811   0.04245  0.001034   0.07159       185       640    0.9754    0.9346    0.9748    0.5785   0.03339    0.2087  0.003869
    75/199     11.5G   0.02802   0.04213  0.001083   0.07123       155       640    0.9616    0.9388    0.9748    0.5762   0.03333    0.2084  0.003595
    76/199     11.5G    0.0278   0.04136 0.0009352    0.0701       147       640    0.9601    0.9491    0.9742    0.5698   0.03357    0.2095  0.003864
    77/199     11.5G   0.02792   0.04333  0.001045    0.0723       177       640    0.9575     0.959    0.9784    0.5901   0.03238    0.2119  0.003683
    78/199     11.5G   0.02752   0.04126 0.0009198    0.0697       180       640    0.9596    0.9335    0.9661    0.5708   0.03328    0.2082  0.004062
    79/199     11.5G   0.02741   0.04196 0.0008817   0.07026       194       640    0.9587    0.9519    0.9708    0.5802   0.03313    0.2147  0.003444
    80/199     11.5G   0.02769    0.0419 0.0009359   0.07052       134       640    0.9513    0.9576    0.9767     0.579   0.03312    0.2101  0.003567
    81/199     11.5G   0.02736   0.04212 0.0008564   0.07034       181       640    0.9646    0.9455    0.9722    0.5866   0.03274    0.2038  0.003559
    82/199     11.5G   0.02751   0.04137 0.0009929   0.06988       184       640    0.9674    0.9416    0.9736    0.5955   0.03211    0.2097  0.003586
    83/199     11.5G   0.02713   0.04097 0.0009084   0.06901       168       640    0.9701    0.9488    0.9803    0.5929   0.03229    0.2062  0.003754
    84/199     11.5G   0.02687   0.03985 0.0008043   0.06752       178       640     0.966    0.9502    0.9813    0.5864    0.0327    0.2134  0.003541
    85/199     11.5G   0.02719   0.04162 0.0009308   0.06974       146       640    0.9584    0.9604    0.9808    0.5907   0.03217     0.209  0.003726
    86/199     11.5G   0.02719   0.04084 0.0008319   0.06886       190       640     0.959    0.9659     0.982    0.5901    0.0324    0.2122  0.003808
    87/199     11.5G   0.02668   0.04106 0.0007578   0.06849       194       640    0.9678    0.9508    0.9777    0.5808   0.03278    0.2103  0.003801
    88/199     11.5G   0.02717   0.04155 0.0009794   0.06969       196       640    0.9699    0.9549    0.9787    0.5961   0.03212    0.2145  0.003337
    89/199     11.5G   0.02702   0.04101 0.0008661    0.0689       149       640    0.9641    0.9498    0.9731    0.5903   0.03201    0.2124  0.003424
    90/199     11.5G   0.02688   0.04075 0.0008686    0.0685       166       640    0.9661    0.9564    0.9782    0.5905   0.03201     0.215  0.003671
    91/199     11.5G   0.02667   0.04037 0.0007796   0.06783       169       640    0.9697    0.9492    0.9792    0.6022   0.03175    0.2107  0.003762
    92/199     11.5G   0.02657   0.03986 0.0008139   0.06724       155       640    0.9709    0.9519      0.98    0.5945    0.0322    0.2093  0.003635
    93/199     11.5G   0.02638    0.0399  0.000745   0.06702       158       640    0.9709    0.9502    0.9787    0.6041   0.03149    0.2137  0.003513
    94/199     11.5G   0.02618   0.04077 0.0007683   0.06772       147       640    0.9655    0.9533    0.9772    0.6031   0.03176    0.2106  0.003457
    95/199     11.5G   0.02652   0.04052 0.0008773   0.06792       173       640    0.9642    0.9616    0.9828    0.6014   0.03157    0.2128  0.003803
    96/199     11.5G   0.02662   0.04079 0.0009255   0.06833       144       640    0.9603    0.9582    0.9775    0.6006   0.03144    0.2167  0.003802
    97/199     11.5G   0.02661   0.04109   0.00081   0.06851       155       640    0.9689     0.962    0.9828    0.6097    0.0312    0.2148  0.003452
    98/199     11.5G   0.02618   0.04072 0.0008124   0.06771       181       640    0.9674    0.9606    0.9832    0.6116   0.03109     0.212  0.003357
    99/199     11.5G    0.0262   0.04068  0.000868   0.06774       151       640    0.9721    0.9483     0.977    0.6049   0.03143    0.2141  0.003402
   100/199     11.5G   0.02607   0.04056 0.0008288   0.06746       213       640    0.9686    0.9582    0.9796    0.6088   0.03118    0.2125  0.003384
   101/199     11.5G   0.02574   0.03967  0.000755   0.06617       155       640    0.9695    0.9557    0.9814    0.6021   0.03149    0.2134  0.003427
   102/199     11.5G   0.02598   0.04036 0.0008556   0.06719       200       640    0.9782    0.9563    0.9838    0.6133    0.0309    0.2109   0.00336
   103/199     11.5G     0.026   0.03962 0.0008043   0.06642       172       640     0.972    0.9582    0.9814    0.6115   0.03095    0.2084  0.003428
   104/199     11.5G   0.02585   0.04006 0.0007379   0.06665       169       640    0.9688    0.9574    0.9801    0.5967   0.03167    0.2118  0.003343
   105/199     11.5G   0.02554    0.0398 0.0007151   0.06606       219       640    0.9799    0.9588    0.9826    0.6106   0.03077    0.2105  0.003351
   106/199     11.5G   0.02551   0.03907 0.0007999   0.06538       165       640    0.9816    0.9584    0.9848    0.6162   0.03065    0.2132  0.003305
   107/199     11.5G   0.02581   0.03988 0.0008377   0.06653       199       640     0.974    0.9562    0.9833    0.6176   0.03037    0.2147  0.003384
   108/199     11.5G   0.02563   0.03988 0.0008144   0.06632       203       640    0.9774    0.9576    0.9843    0.6202   0.03042    0.2167  0.003304
   109/199     11.5G   0.02532   0.03921 0.0007029   0.06523       169       640     0.979    0.9504    0.9812    0.6235   0.03008    0.2177  0.003324
   110/199     11.5G   0.02523   0.03959 0.0007658   0.06559       173       640    0.9728    0.9592    0.9844    0.6268   0.02984    0.2152  0.003498
   111/199     11.5G   0.02509   0.03957 0.0008017   0.06547       194       640    0.9692     0.957    0.9836    0.6199   0.03018    0.2154  0.003264
   112/199     11.5G   0.02514   0.03881 0.0008022   0.06476       182       640    0.9746    0.9624    0.9829    0.6235   0.03002    0.2145  0.003388
   113/199     11.5G   0.02511    0.0395 0.0007642   0.06537       168       640    0.9745    0.9549    0.9793    0.6213   0.03012    0.2159  0.003347
   114/199     11.5G     0.025   0.03917   0.00081   0.06498       141       640    0.9719    0.9656    0.9823    0.6239   0.02996    0.2179  0.003465
   115/199     11.5G   0.02475   0.03889 0.0006497   0.06429       177       640    0.9715    0.9669    0.9856    0.6277   0.02988    0.2188  0.003296
   116/199     11.5G   0.02489   0.03797 0.0007244   0.06359       154       640    0.9693     0.969    0.9862    0.6295   0.02965    0.2165  0.003256
   117/199     11.5G   0.02467    0.0385 0.0006862   0.06385       187       640    0.9705    0.9664    0.9854    0.6308   0.02959    0.2165  0.003283
   118/199     11.5G   0.02459    0.0388 0.0007725   0.06416       169       640    0.9723    0.9589    0.9834    0.6309   0.02953     0.217  0.003146
   119/199     11.5G   0.02447   0.03939 0.0006727   0.06453       177       640    0.9711    0.9623    0.9854    0.6314   0.02945    0.2181  0.003096
   120/199     11.5G   0.02438   0.03861 0.0006451   0.06364       193       640     0.973    0.9598    0.9848    0.6319   0.02942    0.2177   0.00327
   121/199     11.5G   0.02433   0.03848 0.0006765   0.06348       153       640     0.973    0.9654    0.9856    0.6296   0.02947    0.2182  0.003441
   122/199     11.5G   0.02424   0.03719 0.0006104   0.06204       154       640    0.9754    0.9652    0.9858    0.6346   0.02923    0.2199  0.003443
   123/199     11.5G   0.02412   0.03767 0.0006382   0.06243       150       640     0.973    0.9661    0.9869    0.6401   0.02891    0.2191  0.003264
   124/199     11.5G   0.02412   0.03842 0.0007187   0.06327       150       640     0.967    0.9702    0.9878    0.6417   0.02883    0.2202  0.003306
   125/199     11.5G   0.02407   0.03882 0.0006762   0.06357       167       640    0.9624    0.9758    0.9889    0.6404   0.02888    0.2199  0.003221
   126/199     11.5G   0.02386   0.03778 0.0007191   0.06236       210       640    0.9715     0.968    0.9884     0.639   0.02878    0.2181  0.003437
   127/199     11.5G   0.02401   0.03787 0.0008255    0.0627       126       640    0.9759    0.9693    0.9892     0.641   0.02865    0.2187  0.003295
   128/199     11.5G   0.02392   0.03864 0.0006899   0.06325       159       640    0.9738    0.9696    0.9887    0.6432   0.02845    0.2199   0.00328
   129/199     11.5G   0.02363   0.03809 0.0006734    0.0624       131       640    0.9718    0.9692     0.988    0.6455   0.02836    0.2208  0.003344
   130/199     11.5G   0.02375   0.03792 0.0006434   0.06231       184       640    0.9733    0.9684    0.9852    0.6464   0.02839    0.2219  0.003245
   131/199     11.5G   0.02372   0.03882 0.0007368   0.06328       220       640    0.9725    0.9678     0.988    0.6424   0.02836    0.2221   0.00322
   132/199     11.5G   0.02345   0.03728 0.0006298   0.06136       132       640    0.9732    0.9664    0.9851    0.6453    0.0282    0.2201  0.003294
   133/199     11.5G   0.02355   0.03833 0.0007233    0.0626       178       640    0.9736    0.9662    0.9849    0.6471   0.02813    0.2196   0.00335
   134/199     11.5G   0.02336   0.03799  0.000658   0.06201       208       640    0.9774    0.9665    0.9853    0.6474   0.02812    0.2206  0.003387
   135/199     11.5G   0.02335   0.03855 0.0006341   0.06253       177       640    0.9723    0.9716    0.9889    0.6507   0.02821    0.2222  0.003323
   136/199     11.5G   0.02339   0.03774 0.0006777   0.06181       132       640    0.9723      0.97    0.9867    0.6483   0.02817    0.2218  0.003299
   137/199     11.5G   0.02327   0.03708 0.0007204   0.06107       143       640    0.9736    0.9728    0.9877    0.6524   0.02801    0.2209  0.003265
   138/199     11.5G   0.02313   0.03799 0.0006673   0.06178       189       640    0.9756    0.9699    0.9875    0.6536   0.02795    0.2212  0.003236
   139/199     11.5G   0.02308    0.0377 0.0006382   0.06142       161       640    0.9788    0.9697    0.9876    0.6509   0.02789    0.2206  0.003262
   140/199     11.5G   0.02327   0.03739 0.0006477   0.06131       180       640    0.9749    0.9707    0.9885     0.653   0.02785    0.2218  0.003237
   141/199     11.5G   0.02302     0.038 0.0006745    0.0617       191       640    0.9798    0.9684    0.9891    0.6509   0.02784    0.2225  0.003214
   142/199     11.5G    0.0227   0.03687 0.0005875   0.06015       196       640    0.9805    0.9655    0.9894    0.6504   0.02794    0.2231  0.003235
   143/199     11.5G   0.02308   0.03756 0.0006654   0.06131       190       640    0.9807    0.9681    0.9892    0.6538   0.02783    0.2233  0.003312
   144/199     11.5G   0.02275   0.03716 0.0006598   0.06057       178       640    0.9737    0.9722    0.9876    0.6541   0.02781    0.2228  0.003263
   145/199     11.5G   0.02272   0.03744 0.0006616   0.06082       146       640    0.9741    0.9725    0.9882    0.6544   0.02769    0.2236  0.003235
   146/199     11.5G   0.02257   0.03735  0.000596   0.06052       190       640    0.9755    0.9732    0.9892    0.6544   0.02762    0.2236  0.003294
   147/199     11.5G   0.02245    0.0369  0.000566   0.05992       135       640    0.9753    0.9705    0.9884    0.6551   0.02765    0.2235  0.003272
   148/199     11.5G   0.02263   0.03654 0.0005576   0.05973       209       640     0.981    0.9629     0.988    0.6528   0.02756    0.2248  0.003249
   149/199     11.5G   0.02227   0.03591 0.0005465   0.05872       163       640    0.9759    0.9697     0.988    0.6545   0.02747     0.224  0.003247
   150/199     11.5G   0.02244   0.03694 0.0005975   0.05997       136       640    0.9765    0.9713    0.9881    0.6562   0.02746    0.2244  0.003215
   151/199     11.5G   0.02222   0.03619 0.0005432   0.05895       187       640    0.9744    0.9703    0.9873     0.657   0.02739    0.2253  0.003262
   152/199     11.5G   0.02231   0.03642 0.0005947   0.05932       171       640    0.9762    0.9729    0.9887    0.6587   0.02733    0.2252   0.00326
   153/199     11.5G   0.02228   0.03789 0.0006036   0.06077       180       640    0.9782    0.9713    0.9884    0.6599   0.02734    0.2254  0.003304
   154/199     11.5G   0.02201   0.03608 0.0005492   0.05864       166       640    0.9789    0.9701    0.9893    0.6587   0.02733    0.2258  0.003322
   155/199     11.5G   0.02239   0.03706 0.0006161   0.06007       150       640    0.9783    0.9695    0.9893    0.6588   0.02734    0.2265  0.003354
   156/199     11.5G   0.02183   0.03607 0.0004982    0.0584       144       640    0.9772     0.971    0.9886    0.6588   0.02729     0.227  0.003339
   157/199     11.5G   0.02205   0.03609 0.0006248   0.05877       207       640    0.9767    0.9698    0.9876    0.6602   0.02725    0.2274  0.003378
   158/199     11.5G   0.02163   0.03484 0.0005046   0.05697       143       640    0.9782     0.966    0.9877    0.6608   0.02718    0.2273  0.003362
   159/199     11.5G    0.0218   0.03527 0.0005605   0.05763       154       640    0.9752    0.9716    0.9877    0.6619   0.02719     0.228  0.003347
   160/199     11.5G   0.02168   0.03506 0.0005339   0.05727       146       640    0.9776    0.9722    0.9896    0.6616   0.02718    0.2279  0.003335
   161/199     11.5G   0.02163   0.03568  0.000543   0.05785       180       640    0.9786    0.9705    0.9894    0.6617   0.02712    0.2286  0.003341
   162/199     11.5G   0.02173   0.03573 0.0005894   0.05805       156       640    0.9769    0.9705    0.9896    0.6635   0.02704    0.2287  0.003368
   163/199     11.5G   0.02155   0.03574 0.0005214   0.05781       160       640    0.9759    0.9716     0.988    0.6641   0.02697    0.2292  0.003369
   164/199     11.5G    0.0215   0.03594  0.000603   0.05804       158       640    0.9767    0.9724    0.9877    0.6632   0.02698    0.2287  0.003367
   165/199     11.5G   0.02145    0.0354 0.0005213   0.05737       227       640    0.9775    0.9723    0.9875    0.6656   0.02691    0.2285  0.003354
   166/199     11.5G   0.02134   0.03581  0.000555   0.05771       178       640    0.9749    0.9754    0.9882    0.6664   0.02687    0.2285   0.00334
   167/199     11.5G   0.02127   0.03566 0.0005098   0.05743       158       640    0.9738    0.9773     0.988    0.6669   0.02685    0.2287  0.003328
   168/199     11.5G   0.02124   0.03605 0.0005233   0.05781       192       640    0.9736    0.9759    0.9877    0.6668   0.02683    0.2289  0.003326
   169/199     11.5G   0.02138   0.03562 0.0005929    0.0576       237       640    0.9788    0.9701    0.9873    0.6678   0.02679    0.2286  0.003331
   170/199     11.5G   0.02125   0.03613 0.0006029   0.05798       166       640     0.976     0.974    0.9875    0.6684   0.02676    0.2283  0.003333
   171/199     11.5G   0.02097   0.03515 0.0005355   0.05666       151       640    0.9775    0.9715    0.9877    0.6687   0.02676     0.228  0.003344
   172/199     11.5G   0.02125   0.03555 0.0005809   0.05738       191       640    0.9761    0.9726    0.9874    0.6681   0.02678     0.228   0.00336
   173/199     11.5G   0.02071   0.03496  0.000491   0.05616       187       640    0.9711     0.978    0.9875    0.6674   0.02676    0.2283  0.003357
   174/199     11.5G   0.02099   0.03489 0.0005125    0.0564       157       640    0.9706    0.9775    0.9874    0.6676   0.02672    0.2285  0.003361
   175/199     11.5G   0.02092    0.0346  0.000495   0.05602       186       640    0.9742    0.9724    0.9869    0.6676   0.02674    0.2285  0.003352
   176/199     11.5G    0.0208    0.0352 0.0005041    0.0565       152       640    0.9721    0.9751    0.9864    0.6668   0.02672    0.2287  0.003343
   177/199     11.5G   0.02086   0.03557 0.0005299   0.05696       184       640    0.9755     0.971    0.9867     0.667   0.02672    0.2289  0.003344
   178/199     11.5G   0.02093   0.03532 0.0005743   0.05683       132       640    0.9702    0.9762    0.9863    0.6675    0.0267    0.2289  0.003347
   179/199     11.5G   0.02075   0.03432 0.0004877   0.05555       156       640    0.9708    0.9737    0.9862    0.6689   0.02668    0.2291  0.003344
   180/199     11.5G   0.02073   0.03483 0.0004736   0.05603       169       640    0.9703    0.9767     0.987    0.6698   0.02665    0.2292  0.003332
   181/199     11.5G   0.02077   0.03495 0.0004969   0.05621       187       640    0.9697    0.9774    0.9872    0.6695   0.02663    0.2298   0.00332
   182/199     11.5G   0.02053   0.03484 0.0004868   0.05586       186       640    0.9703    0.9769    0.9863    0.6689   0.02664    0.2302  0.003309
   183/199     11.5G   0.02058   0.03426 0.0005404   0.05538       171       640    0.9696    0.9761    0.9858    0.6677   0.02663    0.2305  0.003303
   184/199     11.5G   0.02064   0.03457 0.0005267   0.05574       149       640    0.9696    0.9765    0.9859    0.6686   0.02662    0.2306    0.0033
   185/199     11.5G   0.02053   0.03428 0.0004891    0.0553       175       640    0.9697    0.9765    0.9859    0.6694   0.02662    0.2307  0.003297
   186/199     11.5G    0.0206   0.03438 0.0004942   0.05548       201       640    0.9702    0.9764    0.9859    0.6695   0.02662    0.2307   0.00329
   187/199     11.5G   0.02049   0.03499 0.0005192     0.056       187       640     0.969    0.9773    0.9859      0.67   0.02661    0.2306  0.003292
   188/199     11.5G   0.02038   0.03422 0.0004819   0.05509       140       640    0.9707     0.977    0.9864    0.6706    0.0266    0.2306  0.003288
   189/199     11.5G   0.02049   0.03492 0.0005057   0.05591       182       640    0.9697     0.978    0.9865    0.6706   0.02658    0.2305  0.003284
   190/199     11.5G   0.02056   0.03472 0.0004998   0.05578       226       640    0.9708    0.9764    0.9864    0.6706   0.02656    0.2306   0.00328
   191/199     11.5G   0.02055   0.03427 0.0005376   0.05536       171       640    0.9715    0.9762    0.9864     0.671   0.02657    0.2307   0.00328
   192/199     11.5G   0.02052   0.03479 0.0005164   0.05583       210       640    0.9715    0.9764    0.9863    0.6706   0.02655    0.2307  0.003277
   193/199     11.5G   0.02034   0.03463 0.0005001   0.05547       186       640    0.9709    0.9764    0.9864    0.6699   0.02654    0.2307  0.003276
   194/199     11.5G   0.02047   0.03417 0.0004522   0.05509       194       640    0.9715    0.9763    0.9864    0.6711   0.02653    0.2309  0.003275
   195/199     11.5G    0.0202   0.03424 0.0004688    0.0549       188       640    0.9715    0.9764    0.9864    0.6714   0.02653    0.2308  0.003275
   196/199     11.5G   0.02078   0.03466 0.0005928   0.05603       132       640    0.9717    0.9764    0.9864    0.6714   0.02652    0.2309  0.003278
   197/199     11.5G    0.0205   0.03482 0.0004965   0.05581       186       640    0.9739    0.9737    0.9868    0.6722    0.0265     0.231  0.003279
   198/199     11.5G   0.02054   0.03474   0.00056   0.05583       148       640    0.9715    0.9759    0.9867    0.6717    0.0265     0.231   0.00328
   199/199     11.5G   0.02014   0.03377 0.0004555   0.05437       160       640    0.9715    0.9759    0.9867     0.671    0.0265    0.2311  0.003277
