     0/199     9.48G   0.05292   0.06775  0.009267    0.1299       175       640    0.5939    0.4897    0.5095    0.1683   0.06739    0.1719   0.01579
     1/199     9.48G   0.04124   0.05281  0.002954   0.09701       165       640    0.9123    0.7657    0.8446    0.3749   0.05069    0.1584  0.006587
     2/199     9.48G   0.03727   0.04933  0.002289   0.08889       184       640    0.9295    0.8365    0.8997    0.4454   0.04536    0.1626  0.004396
     3/199     9.48G   0.03483   0.04726  0.001863   0.08395       215       640    0.9444    0.8441    0.9109    0.4518   0.04348    0.1763  0.005286
     4/199     9.48G   0.03394   0.04667  0.001584   0.08219       185       640    0.9261    0.8866    0.9243    0.4657   0.04227    0.1803  0.004393
     5/199     9.48G   0.03329   0.04657  0.001504   0.08136       194       640    0.9391    0.8762    0.9342    0.4835   0.04093    0.1804  0.004819
     6/199     9.48G   0.03313   0.04688  0.001502   0.08152       145       640    0.9317    0.8652    0.9157    0.4729   0.04192     0.186  0.005337
     7/199     9.48G   0.03287   0.04739  0.001722   0.08197       206       640     0.937    0.8735    0.9285     0.462   0.04207    0.1853  0.004006
     8/199     9.48G   0.03294   0.04721  0.001877   0.08202       220       640    0.9092    0.8803    0.9205    0.4668   0.04126    0.1857  0.004486
     9/199     9.48G   0.03281   0.04659  0.001562   0.08096       149       640    0.9314    0.8817    0.9326    0.4887   0.04014    0.1911  0.004443
    10/199     9.48G   0.03327   0.04829  0.001711   0.08327       210       640    0.9297    0.8771    0.9261    0.4768   0.04074    0.1884   0.00463
    11/199     9.48G    0.0334   0.04782  0.001907   0.08314       167       640    0.9016    0.7799    0.8715    0.4166   0.04441    0.1974  0.006507
    12/199     9.48G   0.03349   0.04805  0.001968   0.08351       190       640    0.9127    0.8525    0.9065    0.4425   0.04177    0.1969  0.004858
    13/199     9.48G   0.03431   0.04903  0.002066   0.08541       172       640    0.8746    0.8246    0.8831    0.4311   0.04252    0.1948  0.007215
    14/199     9.48G    0.0345   0.04977  0.002268   0.08654       144       640    0.8948     0.818    0.8804     0.416   0.04539    0.1939  0.005014
    15/199     9.48G   0.03485   0.04979  0.002362   0.08701       187       640    0.8953    0.8305    0.8969    0.4244   0.04378    0.1904  0.005218
    16/199     9.48G   0.03473   0.05061  0.002131   0.08747       169       640    0.8721    0.8337    0.8782    0.4305   0.04419    0.1948  0.004902
    17/199     9.48G   0.03428   0.04924  0.001978   0.08551       161       640    0.9172    0.8477    0.8984    0.4406   0.04263    0.1962  0.005504
    18/199     9.48G   0.03403   0.04927  0.001802   0.08511       167       640    0.8644    0.8347    0.8826    0.4294   0.04342    0.1862  0.005538
    19/199     9.48G   0.03395   0.04921  0.001895   0.08505       132       640    0.9082    0.8522    0.9062    0.4605   0.04194    0.1994  0.005349
    20/199     9.48G    0.0332   0.04762  0.001667    0.0825       198       640    0.9188    0.8633    0.9192    0.4651   0.04192    0.1925  0.004242
    21/199     9.48G   0.03332   0.04835  0.001785   0.08346       166       640    0.9309    0.8465    0.9186    0.4676   0.04152    0.1999  0.006138
    22/199     9.48G   0.03317   0.04754  0.001869   0.08258       219       640    0.9264    0.8739    0.9188    0.4592   0.04135    0.1971   0.00462
    23/199     9.48G   0.03299   0.04768  0.001692   0.08237       167       640    0.9311    0.8684     0.926     0.487   0.04042    0.2026  0.005054
    24/199     9.48G   0.03274   0.04665  0.001572   0.08096       210       640      0.91    0.8915    0.9324    0.4717   0.04009    0.1993  0.003416
    25/199     9.48G    0.0327   0.04712  0.001585    0.0814       147       640     0.942    0.8833    0.9344     0.494   0.03993    0.1933  0.004183
    26/199     9.48G   0.03232   0.04698  0.001559   0.08086       198       640    0.9184    0.8919    0.9331    0.4856   0.03957    0.2066  0.004223
    27/199     9.48G   0.03236   0.04753  0.001566   0.08146       196       640    0.9238    0.8917    0.9334    0.4873   0.03865    0.1986  0.004673
    28/199     9.48G   0.03202   0.04639  0.001485   0.07989       163       640     0.924    0.9018    0.9387    0.4871   0.03991    0.1984  0.004169
    29/199     9.48G   0.03172   0.04623  0.001559   0.07951       172       640    0.9389    0.8886     0.935     0.484   0.03962    0.2031  0.004976
    30/199     9.48G   0.03202   0.04708  0.001578   0.08068       131       640    0.9222    0.8914    0.9319     0.492   0.03924    0.2067  0.004261
    31/199     9.48G   0.03156   0.04651   0.00134   0.07941       189       640    0.9234    0.8975    0.9346     0.496   0.03869    0.2073   0.00443
    32/199     9.48G   0.03146   0.04549  0.001321   0.07827       166       640     0.932    0.9114    0.9471    0.5116   0.03802    0.2061  0.003638
    33/199     9.48G   0.03159   0.04639  0.001448   0.07942       174       640    0.9297    0.8941    0.9407    0.5019    0.0386     0.203  0.004719
    34/199     9.48G   0.03135   0.04511   0.00145   0.07791       164       640    0.9184    0.9086    0.9369    0.4946   0.03823    0.2069  0.004593
    35/199     9.48G   0.03115   0.04564  0.001361   0.07815       170       640    0.9286    0.8999    0.9379    0.5035   0.03805    0.2068  0.005661
    36/199     9.48G   0.03103   0.04516  0.001392   0.07758       178       640    0.9396    0.8875    0.9388    0.5039   0.03827    0.2057  0.005613
    37/199     9.48G   0.03095   0.04558  0.001357   0.07789       179       640    0.9326    0.9163    0.9481    0.5217   0.03723    0.2055  0.004305
    38/199     9.48G   0.03066   0.04455  0.001214   0.07642       146       640    0.9281    0.8993    0.9426    0.5158   0.03718    0.2054  0.004306
    39/199     9.48G   0.03092   0.04581  0.001372    0.0781       160       640    0.9411    0.8978    0.9431    0.5167   0.03749    0.2053  0.003389
    40/199     9.48G   0.03083   0.04511   0.00132   0.07726       214       640    0.9327    0.9155    0.9479    0.5152   0.03773    0.2113  0.004708
    41/199     9.48G   0.03054   0.04441  0.001242   0.07619       192       640    0.9354    0.9265    0.9591    0.5274   0.03684    0.2022  0.004366
    42/199     9.48G    0.0305   0.04474  0.001244   0.07649       185       640    0.9415    0.9152    0.9545    0.5258   0.03656    0.2057  0.004415
    43/199     9.48G    0.0302   0.04515  0.001267   0.07662       200       640    0.9368    0.8956    0.9476      0.52   0.03757    0.2061  0.005187
    44/199     9.48G   0.03015   0.04486  0.001256   0.07627       181       640    0.9435    0.9137    0.9556    0.5264   0.03638     0.206  0.003907
    45/199     9.48G   0.03025   0.04512  0.001334    0.0767       192       640    0.9352    0.9054    0.9479    0.5269   0.03659    0.2009  0.004713
    46/199     9.48G   0.03022   0.04433  0.001185   0.07573       209       640    0.9377     0.908    0.9501    0.5194    0.0372    0.2017   0.00529
    47/199     9.48G   0.02986   0.04395  0.001179   0.07498       136       640     0.942    0.9285    0.9586    0.5362   0.03603      0.21  0.003516
    48/199     9.48G   0.02981   0.04333   0.00111   0.07425       152       640    0.9469    0.9141     0.948     0.539   0.03592     0.202  0.004108
    49/199     9.48G   0.02945   0.04374  0.001144   0.07434       163       640    0.9391    0.9254     0.961    0.5367   0.03588    0.2159  0.003939
    50/199     9.48G   0.02967   0.04463  0.001153   0.07545       182       640    0.9588    0.9242    0.9601    0.5405   0.03565     0.205  0.003294
    51/199     9.48G    0.0297   0.04503  0.001119   0.07585       197       640    0.9269    0.9288    0.9538    0.5372   0.03557    0.2027  0.003415
    52/199     9.48G   0.02956   0.04299  0.001098   0.07365       172       640    0.9501    0.9251    0.9572    0.5453   0.03516    0.2163  0.003503
    53/199     9.48G   0.02961   0.04395   0.00122   0.07478       156       640    0.9391    0.9337    0.9548    0.5467    0.0356    0.2098  0.003531
    54/199     9.48G    0.0293   0.04369  0.001238   0.07422       160       640    0.9366    0.9403    0.9553    0.5472   0.03472    0.2132  0.004063
    55/199     9.48G   0.02922   0.04339   0.00114   0.07376       168       640    0.9521    0.9104     0.958    0.5425   0.03528    0.2107  0.003673
    56/199     9.48G   0.02908   0.04308 0.0009605   0.07312       164       640    0.9557     0.917    0.9592    0.5486    0.0349    0.2121  0.004612
    57/199     9.48G   0.02907   0.04274  0.001158   0.07296       197       640    0.9336    0.9346    0.9608     0.541   0.03519    0.2098  0.003822
    58/199     9.48G   0.02929    0.0437  0.001183   0.07418       163       640    0.9426    0.9291    0.9599    0.5491   0.03539    0.2092  0.003601
    59/199     9.48G   0.02913   0.04285  0.001042   0.07302       158       640    0.9531    0.9322    0.9666     0.553   0.03471     0.214  0.003389
    60/199     9.48G   0.02892   0.04342  0.001093   0.07344       183       640    0.9548    0.9306    0.9626    0.5547   0.03401     0.209  0.003675
    61/199     9.48G   0.02893   0.04341  0.001005   0.07335       182       640    0.9553    0.9319    0.9601    0.5592   0.03428    0.2117  0.003351
    62/199     9.48G   0.02846   0.04308 0.0009847   0.07253       153       640    0.9428    0.9375    0.9618     0.552    0.0344    0.2068  0.003665
    63/199     9.48G   0.02869   0.04294  0.001065   0.07269       166       640    0.9453    0.9305    0.9645    0.5596    0.0343    0.2091  0.003957
    64/199     9.48G   0.02866   0.04201 0.0009853   0.07166       131       640     0.958    0.9332    0.9644    0.5619   0.03378    0.2079  0.003654
    65/199     9.48G   0.02827   0.04206  0.001049   0.07138       150       640    0.9511     0.953    0.9723    0.5708   0.03366    0.2135  0.003542
    66/199     9.48G   0.02848   0.04351  0.001078   0.07307       186       640    0.9414    0.9381    0.9656    0.5611   0.03376    0.2132  0.003525
    67/199     9.48G   0.02852   0.04185  0.001046   0.07141       145       640    0.9528     0.953    0.9736    0.5748   0.03337    0.2088  0.003379
    68/199     9.48G   0.02823   0.04217 0.0009123   0.07131       192       640    0.9551    0.9521    0.9718    0.5756   0.03319    0.2111  0.002927
    69/199     9.48G   0.02777   0.04085 0.0008949   0.06952       164       640    0.9612    0.9368    0.9667     0.573   0.03328     0.214  0.003459
    70/199     9.48G   0.02826     0.043   0.00106   0.07231       212       640    0.9512    0.9418    0.9699    0.5671   0.03343    0.2158  0.003273
    71/199     9.48G    0.0281   0.04346  0.001065   0.07263       147       640     0.969    0.9309    0.9687    0.5685   0.03335    0.2119  0.004001
    72/199     9.48G   0.02791   0.04137 0.0008496   0.07013       162       640    0.9565    0.9448    0.9744    0.5816   0.03322    0.2166  0.002712
    73/199     9.48G   0.02786   0.04289  0.001017   0.07176       208       640    0.9694    0.9334    0.9724    0.5726   0.03303    0.2135  0.002825
    74/199     9.48G   0.02771   0.04153 0.0009015   0.07014       181       640    0.9634    0.9341    0.9731    0.5763   0.03271    0.2167  0.003041
    75/199     9.48G   0.02774   0.04203 0.0009448   0.07072       137       640    0.9724    0.9327    0.9744    0.5744   0.03283    0.2151  0.003379
    76/199     9.48G   0.02762   0.04208 0.0008684   0.07057       184       640    0.9488    0.9584    0.9743    0.5852    0.0324    0.2127  0.002956
    77/199     9.48G   0.02744   0.04185  0.001006    0.0703       190       640    0.9656    0.9455    0.9761    0.5872   0.03232    0.2165  0.002925
    78/199     9.48G   0.02751   0.04183  0.001026   0.07036       194       640    0.9654    0.9417     0.974    0.5855   0.03217    0.2172  0.003255
    79/199     9.48G   0.02733   0.04117 0.0008362   0.06934       140       640    0.9549    0.9494    0.9726    0.5839   0.03222    0.2181  0.003166
    80/199     9.48G   0.02749   0.04175 0.0009308   0.07017       205       640    0.9461    0.9518    0.9699    0.5777   0.03307    0.2136   0.00319
    81/199     9.48G   0.02752   0.04176  0.001041   0.07032       181       640    0.9534     0.955    0.9755     0.589   0.03207    0.2171  0.002856
    82/199     9.48G   0.02723   0.04154 0.0009167   0.06968       158       640     0.954    0.9619    0.9825    0.5949   0.03223    0.2096   0.00302
    83/199     9.48G   0.02723   0.04087 0.0007874   0.06889       129       640     0.961    0.9525    0.9767    0.5907   0.03205    0.2212  0.002745
    84/199     9.48G   0.02668   0.04108 0.0008875   0.06865       186       640    0.9622     0.942    0.9768    0.5851    0.0324    0.2163  0.003218
    85/199     9.48G   0.02702   0.04166 0.0009657   0.06965       213       640    0.9572     0.956     0.976    0.5866   0.03213    0.2184  0.002845
    86/199     9.48G   0.02686   0.04116 0.0008662   0.06889       196       640    0.9615    0.9455    0.9747    0.5838   0.03241    0.2177  0.003161
    87/199     9.48G   0.02682   0.04102 0.0008305   0.06867       161       640    0.9637    0.9493    0.9791    0.5873    0.0321    0.2176  0.003025
    88/199     9.48G   0.02666   0.04092 0.0008492   0.06843       199       640    0.9643    0.9554     0.978    0.5979   0.03124    0.2229  0.002878
    89/199     9.48G   0.02681   0.04167 0.0008821   0.06936       198       640    0.9643    0.9579    0.9824     0.601    0.0311    0.2173  0.002891
    90/199     9.48G   0.02658   0.04118 0.0008448   0.06861       146       640     0.963    0.9605    0.9792    0.5949   0.03134    0.2182  0.002963
    91/199     9.48G   0.02659   0.04036 0.0008301   0.06778       181       640    0.9572    0.9651    0.9811    0.6013   0.03109    0.2194  0.003283
    92/199     9.48G   0.02634   0.04026 0.0008222   0.06742       142       640    0.9587    0.9663    0.9832    0.5986   0.03103    0.2221  0.002773
    93/199     9.48G   0.02648   0.04067 0.0009039   0.06805       168       640    0.9666    0.9604    0.9839    0.6067   0.03099    0.2174  0.002924
    94/199     9.48G   0.02648   0.04073 0.0008195   0.06803       181       640    0.9622    0.9671      0.98    0.6061   0.03054    0.2213  0.002954
    95/199     9.48G    0.0262   0.04063 0.0008023   0.06763       176       640    0.9599    0.9632    0.9811    0.6084   0.03076    0.2175  0.002604
    96/199     9.48G   0.02589   0.04056 0.0007941   0.06725       166       640    0.9543    0.9677    0.9829    0.6004   0.03106    0.2195  0.003004
    97/199     9.48G   0.02613   0.03987 0.0008141   0.06682       159       640    0.9665    0.9614    0.9834    0.6068    0.0306    0.2211  0.002727
    98/199     9.48G   0.02586   0.03989  0.000772   0.06652       173       640    0.9662     0.957    0.9798    0.6076   0.03052    0.2201  0.002942
    99/199     9.48G   0.02614    0.0407 0.0008461   0.06769       174       640    0.9595    0.9624    0.9812    0.6129   0.03009    0.2227  0.002897
   100/199     9.48G     0.026   0.04011 0.0008791   0.06699       151       640    0.9586     0.962     0.981    0.6165   0.03002    0.2223  0.002849
   101/199     9.48G   0.02561    0.0397  0.000719   0.06603       161       640    0.9689    0.9537    0.9828    0.6136   0.03027    0.2231  0.002797
   102/199     9.48G   0.02579   0.04006 0.0008065   0.06665       169       640    0.9692    0.9556    0.9815    0.6136   0.03014    0.2248  0.002911
   103/199     9.48G   0.02563   0.03959 0.0007762     0.066       153       640    0.9535    0.9719    0.9828    0.6183   0.02978    0.2236  0.002833
   104/199     9.48G   0.02579   0.04022 0.0008728   0.06688       158       640    0.9676    0.9649    0.9869    0.6158   0.02989    0.2224  0.002702
   105/199     9.48G   0.02554   0.03965 0.0008262   0.06601       172       640    0.9604     0.968    0.9804    0.6212   0.02968    0.2239  0.002817
   106/199     9.48G   0.02528   0.04048 0.0006814   0.06644       203       640    0.9649     0.962    0.9834    0.6152   0.02995    0.2212   0.00276
   107/199     9.48G   0.02541   0.03942 0.0007922   0.06562       149       640    0.9604    0.9677    0.9827    0.6185    0.0297    0.2237  0.003096
   108/199     9.48G   0.02518   0.03956 0.0006975   0.06544       157       640    0.9561    0.9747    0.9847    0.6209   0.02981    0.2219  0.002957
   109/199     9.48G   0.02528    0.0394 0.0008255   0.06551       185       640     0.964    0.9665    0.9823    0.6212   0.02965    0.2236  0.002891
   110/199     9.48G   0.02504    0.0394 0.0007049   0.06514       187       640    0.9757    0.9511    0.9857    0.6239   0.02923    0.2264  0.002875
   111/199     9.48G    0.0251   0.03923 0.0007388   0.06507       182       640    0.9675    0.9666    0.9849    0.6246   0.02944    0.2231  0.002796
   112/199     9.48G    0.0251   0.03979 0.0007336   0.06562       186       640    0.9546    0.9718    0.9846    0.6179   0.02977    0.2243  0.002579
   113/199     9.48G   0.02494   0.03976 0.0006737   0.06537       190       640    0.9635    0.9618    0.9837    0.6195   0.02949     0.226   0.00273
   114/199     9.48G   0.02473   0.03894 0.0006483   0.06432       168       640    0.9621    0.9656    0.9834    0.6209   0.02936    0.2259  0.002766
   115/199     9.48G   0.02487   0.03868 0.0007859   0.06434       137       640    0.9693    0.9674    0.9856    0.6271   0.02891    0.2248   0.00275
   116/199     9.48G   0.02467   0.03892 0.0006992   0.06429       193       640    0.9655    0.9656    0.9854    0.6232   0.02911    0.2257  0.002813
   117/199     9.48G   0.02451   0.03916 0.0007623   0.06443       185       640    0.9696    0.9649    0.9857    0.6311   0.02873    0.2245  0.002757
   118/199     9.48G   0.02439   0.03842 0.0006816   0.06349       175       640    0.9668    0.9681    0.9866    0.6277   0.02883    0.2244  0.002781
   119/199     9.48G   0.02457   0.03899 0.0007494   0.06431       173       640    0.9741    0.9576    0.9863    0.6299   0.02886    0.2253  0.002756
   120/199     9.48G   0.02422   0.03883 0.0006998   0.06375       190       640    0.9612    0.9726    0.9859    0.6311   0.02862     0.227  0.002691
   121/199     9.48G   0.02409   0.03901 0.0006262   0.06372       199       640    0.9611    0.9682     0.985    0.6339   0.02867    0.2248  0.002691
   122/199     9.48G   0.02427   0.03842 0.0006483   0.06334       172       640    0.9746    0.9524    0.9841    0.6363   0.02848    0.2247  0.002811
   123/199     9.48G   0.02394   0.03806 0.0006111   0.06261       141       640    0.9661    0.9594    0.9852    0.6377   0.02854    0.2272  0.002875
   124/199     9.48G   0.02376   0.03815 0.0006343   0.06254       190       640    0.9638    0.9663     0.986    0.6367   0.02809    0.2288  0.002913
   125/199     9.48G   0.02388   0.03877 0.0006741   0.06333       242       640    0.9699    0.9605    0.9852     0.639   0.02831    0.2257  0.002929
   126/199     9.48G   0.02382   0.03858 0.0006837   0.06308       197       640    0.9595    0.9733    0.9858    0.6396   0.02825    0.2282  0.002893
   127/199     9.48G   0.02345   0.03829  0.000619   0.06235       156       640    0.9649    0.9726    0.9874    0.6371   0.02825    0.2287  0.002645
   128/199     9.48G    0.0236   0.03774 0.0006202   0.06196       158       640    0.9741    0.9629    0.9867    0.6372   0.02832     0.228  0.002613
   129/199     9.48G   0.02373    0.0388 0.0007119   0.06324       172       640    0.9661    0.9715     0.986    0.6374   0.02826    0.2292  0.002816
   130/199     9.48G   0.02353   0.03826 0.0006811   0.06247       181       640    0.9732    0.9657    0.9874    0.6395   0.02816    0.2285  0.002914
   131/199     9.48G   0.02341    0.0376 0.0006728   0.06169       144       640    0.9615    0.9712    0.9842    0.6399   0.02803    0.2284  0.002967
   132/199     9.48G   0.02344   0.03811 0.0006795   0.06223       196       640    0.9781    0.9545    0.9841    0.6404   0.02792    0.2285     0.003
   133/199     9.48G   0.02349    0.0376 0.0006842   0.06177       179       640    0.9698    0.9597    0.9846    0.6365   0.02814    0.2285  0.002991
   134/199     9.48G   0.02324   0.03816 0.0006142   0.06202       166       640    0.9611    0.9728    0.9858    0.6409   0.02794     0.228  0.002888
   135/199     9.48G   0.02348   0.03747 0.0006689   0.06162       160       640    0.9757    0.9561    0.9857    0.6464   0.02777    0.2285  0.002861
   136/199     9.48G   0.02319   0.03818 0.0006957   0.06208       152       640     0.981     0.953    0.9857    0.6447   0.02783    0.2286  0.002797
   137/199     9.48G   0.02289    0.0371 0.0005792   0.06056       138       640    0.9631    0.9736    0.9857    0.6451   0.02782    0.2299  0.002818
   138/199     9.48G   0.02311   0.03763 0.0006344   0.06138       221       640    0.9604    0.9722    0.9846     0.644   0.02782    0.2308  0.002826
   139/199     9.48G   0.02275    0.0363 0.0005864   0.05964       161       640    0.9688     0.965    0.9856    0.6455   0.02776    0.2317  0.002802
   140/199     9.48G   0.02273   0.03752 0.0005697   0.06082       161       640    0.9638    0.9731    0.9853    0.6511   0.02748    0.2299  0.002703
   141/199     9.48G   0.02279   0.03713 0.0006073   0.06053       164       640    0.9757    0.9677    0.9865    0.6517    0.0273    0.2289  0.002755
   142/199     9.48G   0.02274   0.03678 0.0005306   0.06005       152       640    0.9694    0.9697    0.9869    0.6532   0.02735    0.2299  0.002697
   143/199     9.48G   0.02255   0.03726 0.0005506   0.06036       143       640    0.9702    0.9686    0.9875    0.6548   0.02723    0.2309   0.00264
   144/199     9.48G   0.02266   0.03687 0.0006352   0.06017       192       640    0.9662     0.971    0.9874    0.6545   0.02726    0.2315  0.002666
   145/199     9.48G   0.02249   0.03645 0.0005867   0.05952       169       640    0.9664    0.9694    0.9846    0.6501   0.02735    0.2314  0.002664
   146/199     9.48G   0.02243   0.03685 0.0005931   0.05987       143       640    0.9635    0.9716    0.9855    0.6512   0.02734    0.2302  0.002638
   147/199     9.48G   0.02235   0.03692 0.0006336    0.0599       211       640    0.9785    0.9582    0.9847     0.651   0.02728    0.2313  0.002591
   148/199     9.48G   0.02214   0.03636 0.0005323   0.05903       192       640     0.969    0.9695    0.9875    0.6536   0.02712    0.2299   0.00259
   149/199     9.48G   0.02226   0.03636 0.0005398   0.05916       192       640    0.9702    0.9691    0.9882    0.6562   0.02705    0.2304  0.002597
   150/199     9.48G   0.02205    0.0369 0.0005698   0.05952       176       640    0.9759    0.9647    0.9879    0.6552   0.02706    0.2304  0.002591
   151/199     9.48G   0.02222   0.03697 0.0005687   0.05976       162       640    0.9657    0.9701    0.9843    0.6561   0.02711    0.2307  0.002631
   152/199     9.48G   0.02199   0.03621 0.0005437   0.05875       198       640    0.9698    0.9675    0.9863    0.6579   0.02708    0.2314    0.0026
   153/199     9.48G   0.02211   0.03737 0.0006536   0.06013       181       640    0.9698    0.9728    0.9869    0.6566   0.02711    0.2325  0.002608
   154/199     9.48G   0.02181   0.03711 0.0005742   0.05949       212       640    0.9644     0.971    0.9849    0.6568   0.02706    0.2327  0.002627
   155/199     9.48G   0.02185   0.03618 0.0005176   0.05854       163       640    0.9699      0.97     0.988     0.658    0.0269    0.2337  0.002636
   156/199     9.48G   0.02162   0.03648 0.0005529   0.05865       173       640    0.9695    0.9681    0.9872    0.6579   0.02689    0.2339  0.002618
   157/199     9.48G   0.02188   0.03658 0.0005492   0.05901       199       640    0.9689    0.9707    0.9885    0.6592   0.02683    0.2343  0.002628
   158/199     9.48G   0.02168   0.03666 0.0005629    0.0589       212       640    0.9688    0.9719    0.9886    0.6568   0.02683    0.2349   0.00266
   159/199     9.48G   0.02162   0.03604 0.0005371   0.05821       188       640    0.9753    0.9664    0.9891    0.6563   0.02677    0.2346  0.002635
   160/199     9.48G   0.02135   0.03579 0.0004994   0.05764       149       640    0.9738    0.9683    0.9882    0.6562   0.02682     0.235  0.002625
   161/199     9.48G   0.02153   0.03638 0.0005189   0.05843       175       640    0.9768    0.9636    0.9888    0.6552   0.02688    0.2351  0.002607
   162/199     9.48G   0.02148    0.0362 0.0006145    0.0583       183       640    0.9795    0.9616    0.9882    0.6565   0.02683    0.2355  0.002606
   163/199     9.48G    0.0213   0.03555 0.0005537   0.05741       174       640    0.9795    0.9625    0.9883    0.6566   0.02673    0.2361  0.002605
   164/199     9.48G   0.02136   0.03555 0.0005371   0.05745       169       640    0.9763    0.9662    0.9876     0.657    0.0267    0.2363  0.002607
   165/199     9.48G   0.02127   0.03547 0.0005079   0.05725       162       640    0.9774    0.9661    0.9878    0.6571   0.02668    0.2365  0.002613
   166/199     9.48G   0.02124   0.03642 0.0005125   0.05817       189       640    0.9775     0.967    0.9878    0.6587   0.02666    0.2361  0.002595
   167/199     9.48G   0.02092   0.03602 0.0004824   0.05743       229       640    0.9778    0.9672    0.9879    0.6595   0.02665    0.2357  0.002586
   168/199     9.48G   0.02103   0.03572 0.0005273   0.05728       190       640    0.9739     0.969    0.9881    0.6587   0.02669    0.2353  0.002599
   169/199     9.48G   0.02107    0.0351 0.0005747   0.05674       135       640     0.975     0.968    0.9877    0.6611   0.02666    0.2358   0.00262
   170/199     9.48G   0.02114   0.03573 0.0005078   0.05738       168       640    0.9791     0.964    0.9881    0.6613   0.02661    0.2359  0.002617
   171/199     9.48G   0.02077   0.03451  0.000434   0.05571       141       640    0.9775     0.964    0.9883    0.6618   0.02659    0.2362  0.002608
   172/199     9.48G   0.02116   0.03568 0.0005483   0.05739       159       640    0.9765    0.9642    0.9883    0.6632   0.02657    0.2364  0.002588
   173/199     9.48G   0.02086   0.03492 0.0004632   0.05624       165       640    0.9747    0.9676    0.9887     0.664   0.02654    0.2365  0.002573
   174/199     9.48G   0.02092   0.03553  0.000514   0.05696       141       640    0.9739    0.9691    0.9889    0.6632   0.02651    0.2366  0.002557
   175/199     9.48G   0.02077   0.03573 0.0005478   0.05705       166       640    0.9765    0.9662    0.9887     0.663   0.02648    0.2372  0.002551
   176/199     9.48G   0.02081   0.03577  0.000534   0.05712       179       640    0.9761     0.968    0.9889     0.665   0.02643    0.2373  0.002553
   177/199     9.48G   0.02053   0.03545 0.0005239   0.05651       164       640    0.9678    0.9754    0.9888    0.6653    0.0264    0.2375  0.002551
   178/199     9.48G   0.02059   0.03506 0.0005096   0.05616       186       640    0.9677    0.9756     0.989    0.6649   0.02639    0.2375   0.00255
   179/199     9.48G   0.02077   0.03545 0.0005506   0.05677       223       640      0.97    0.9732    0.9888    0.6654   0.02637    0.2375  0.002554
   180/199     9.48G   0.02069   0.03542 0.0005873    0.0567       187       640    0.9688    0.9744    0.9887    0.6665   0.02635    0.2373  0.002547
   181/199     9.48G   0.02073   0.03492 0.0005445   0.05619       151       640    0.9688    0.9742    0.9887    0.6671   0.02633    0.2374  0.002542
   182/199     9.48G   0.02056   0.03459 0.0005294   0.05568       145       640    0.9727    0.9705    0.9888    0.6661   0.02633    0.2376  0.002541
   183/199     9.48G   0.02066   0.03552 0.0004697   0.05665       144       640    0.9724    0.9719    0.9889    0.6673   0.02631    0.2378  0.002538
   184/199     9.48G    0.0205   0.03536 0.0005208   0.05639       167       640     0.973    0.9716    0.9888    0.6673   0.02632    0.2377   0.00254
   185/199     9.48G   0.02029   0.03471 0.0004865   0.05549       149       640    0.9727    0.9711    0.9888    0.6672    0.0263    0.2375  0.002544
   186/199     9.48G   0.02042   0.03424 0.0004908   0.05515       178       640    0.9657    0.9788    0.9889     0.667   0.02633    0.2374  0.002547
   187/199     9.48G   0.02038   0.03463 0.0004611   0.05547       163       640    0.9766    0.9674    0.9886    0.6654   0.02636    0.2373  0.002554
   188/199     9.48G   0.02042   0.03478 0.0004644   0.05566       193       640    0.9657    0.9787    0.9891    0.6656   0.02634    0.2373  0.002555
   189/199     9.48G   0.02034    0.0349 0.0004734   0.05571       204       640    0.9738    0.9703     0.989    0.6659   0.02634    0.2372  0.002557
   190/199     9.48G   0.02029     0.035 0.0004744   0.05577       189       640    0.9739    0.9698    0.9883    0.6661   0.02631    0.2373  0.002552
   191/199     9.48G   0.02037   0.03479 0.0004699   0.05563       163       640     0.966    0.9786    0.9881    0.6663   0.02631    0.2374   0.00255
   192/199     9.48G    0.0203   0.03557    0.0005   0.05637       177       640    0.9669     0.978    0.9895    0.6665   0.02628    0.2373  0.002547
   193/199     9.48G   0.02031    0.0353 0.0005009   0.05611       170       640    0.9847    0.9601    0.9887     0.667   0.02627    0.2373  0.002545
   194/199     9.48G   0.02034   0.03486 0.0004764   0.05568       189       640    0.9765    0.9677    0.9891    0.6667   0.02626    0.2374  0.002546
   195/199     9.48G   0.02034   0.03477 0.0004882   0.05559       145       640    0.9669    0.9774    0.9896    0.6672   0.02626    0.2373  0.002547
   196/199     9.48G    0.0203    0.0348 0.0004966   0.05559       200       640    0.9757    0.9685    0.9894    0.6676   0.02625    0.2375  0.002546
   197/199     9.48G   0.02067   0.03493 0.0006275   0.05622       172       640    0.9846    0.9611    0.9893    0.6663   0.02626    0.2376  0.002545
   198/199     9.48G   0.02043   0.03501 0.0005105   0.05596       159       640    0.9673    0.9781    0.9895    0.6662   0.02626    0.2376  0.002547
   199/199     9.48G   0.02016    0.0347 0.0004815   0.05534       171       640     0.986    0.9601    0.9886    0.6663   0.02626    0.2375  0.002549
