     0/399     21.9G   0.03134    0.1198  0.003285    0.1544       179       640    0.9651    0.9466    0.9781      0.59   0.02936   0.06268  0.001332
     1/399     23.2G    0.0291   0.09117  0.001915    0.1222       175       640    0.9601    0.9496    0.9778    0.5968     0.028   0.05878 0.0007101
     2/399     23.2G   0.02943   0.09085  0.002064    0.1223       150       640     0.965    0.9372    0.9726    0.5785   0.02877   0.05949  0.000712
     3/399     23.2G   0.02895   0.08836  0.001798    0.1191       161       640    0.9712    0.9351    0.9707    0.5691   0.02903   0.06071 0.0005439
     4/399     23.2G   0.02969   0.08992  0.001986    0.1216       163       640    0.9437    0.9493    0.9745    0.5726   0.02929   0.06077 0.0006474
     5/399     23.2G    0.0308   0.09289  0.002014    0.1257       165       640    0.9641    0.9174    0.9704    0.5572   0.03003   0.06325 0.0005895
     6/399     23.2G   0.03163   0.09479  0.001957    0.1284       147       640    0.9493    0.9149    0.9573    0.5453   0.03119   0.07082 0.0007987
     7/399     23.2G   0.03759    0.1107  0.002399    0.1507       171       640    0.9284    0.8887    0.9424    0.4633   0.03615   0.07205 0.0008594
     8/399     23.2G   0.04089    0.1083  0.002369    0.1515       197       640     0.951    0.9068     0.956    0.4857   0.03575   0.07509  0.001052
     9/399     23.2G   0.04101    0.1091    0.0026    0.1527       187       640    0.9341    0.8528    0.9159    0.4218   0.04084   0.07817  0.001241
    10/399     23.2G   0.04164      0.11  0.002925    0.1545       136       640     0.926    0.8573    0.9193    0.4488   0.03875   0.08079  0.001928
    11/399     23.2G    0.0424    0.1144  0.003148    0.1599       212       640     0.855     0.725    0.8013    0.3089   0.04964   0.08351  0.002592
    12/399     23.2G   0.04387    0.1182  0.003863    0.1659       183       640    0.8529    0.6989    0.7717    0.3445     0.046   0.09577  0.004982
    13/399     23.2G   0.04576    0.1205  0.004299    0.1706       177       640    0.8643    0.7613    0.8338    0.3533   0.04561    0.0851  0.003002
    14/399     23.2G   0.04722    0.1234  0.005251    0.1759       153       640    0.7872    0.6737    0.7256    0.3018   0.05131   0.09207  0.004756
    15/399     23.2G   0.04852     0.127  0.005893    0.1814       230       640    0.7996    0.6097    0.6645    0.2523   0.05756    0.1111  0.007214
    16/399     23.2G   0.04858    0.1255  0.005866    0.1799       131       640    0.8589    0.6898    0.7668    0.3392   0.04947    0.1064  0.007004
    17/399     23.2G   0.04958    0.1246  0.005534    0.1797       168       640     0.821     0.581    0.6648    0.2737   0.05637    0.1197  0.008827
    18/399     23.2G   0.04901    0.1252  0.005652    0.1798       180       640    0.6842    0.4723    0.4995    0.1819   0.06077    0.1196   0.01277
    19/399     23.2G   0.04922    0.1231  0.006119    0.1784       218       640    0.7506    0.5571    0.6037    0.2276   0.05593    0.1079  0.008806
    20/399     23.2G   0.04974    0.1249  0.005749    0.1804       159       640    0.8572    0.5943    0.6787    0.2877   0.05098     0.105  0.009536
    21/399     23.2G   0.04945    0.1224    0.0059    0.1778       219       640     0.821     0.627     0.707    0.3008   0.04908    0.0971   0.01209
    22/399     23.2G    0.0491    0.1222  0.005792    0.1771       186       640     0.886    0.6977    0.7659    0.3369   0.04825   0.08971   0.00504
    23/399     23.2G   0.04996    0.1221  0.005814    0.1779       218       640    0.7587    0.3617    0.4247    0.1565    0.0656    0.1455   0.01797
    24/399     23.2G   0.04853    0.1213  0.005822    0.1756       166       640    0.8442    0.5568    0.6404     0.263   0.05418    0.1088    0.0118
    25/399     23.2G   0.04951    0.1237  0.005991    0.1792       185       640    0.7566    0.5209    0.5857    0.2455   0.05341    0.1106   0.01325
    26/399     23.2G    0.0496    0.1191  0.005422    0.1741       155       640     0.826    0.6538    0.7331    0.2883   0.04925   0.09747  0.009815
    27/399     23.2G   0.04813    0.1205  0.005331    0.1739       147       640    0.8014    0.5986    0.6551    0.2619    0.0527    0.1007  0.007405
    28/399     23.2G   0.04813      0.12  0.005274    0.1735       158       640    0.8439    0.6452    0.7203    0.3015   0.04741   0.09246  0.006164
    29/399     23.2G   0.04898    0.1189  0.005551    0.1734       146       640    0.5472    0.2535    0.2705   0.08265    0.0689    0.1439   0.02332
    30/399     23.2G   0.04856    0.1195  0.005386    0.1734       238       640    0.8134    0.7015    0.7529    0.3208   0.04513   0.09315  0.005361
    31/399     23.2G    0.0492    0.1194  0.005225    0.1739       164       640    0.8931    0.7493     0.823    0.3743   0.04269   0.08082  0.003858
    32/399     23.2G   0.04791    0.1187  0.005014    0.1716       161       640    0.8785    0.7668    0.8345    0.3601   0.04252   0.07906   0.00351
    33/399     23.2G   0.04814    0.1201  0.005345    0.1736       150       640    0.7206    0.4862    0.5179    0.2081   0.05598     0.123   0.01496
    34/399     23.2G   0.04747    0.1165  0.004628    0.1686       153       640    0.8277    0.5952    0.6739    0.2722   0.04983    0.1013   0.00972
    35/399     23.2G   0.04781    0.1158  0.004847    0.1684       165       640    0.7831     0.663    0.7385    0.3194   0.04567   0.09756  0.009479
    36/399     23.2G     0.048    0.1191  0.004857    0.1719       184       640    0.8809     0.738    0.8222    0.3733   0.04219   0.08005  0.006134
    37/399     23.2G   0.04721    0.1168  0.004915    0.1689       200       640    0.7517    0.4906    0.5519    0.2161   0.05468    0.1124    0.0154
    38/399     23.2G   0.04888    0.1199  0.005398    0.1741       145       640    0.7181    0.4713    0.5233    0.2066   0.05283     0.114   0.01317
    39/399     23.2G   0.04727    0.1152  0.004918    0.1674       214       640    0.8704    0.7753    0.8157    0.3554   0.04494   0.07994  0.003608
    40/399     23.2G   0.04693    0.1137  0.004412     0.165       186       640    0.8558    0.6435    0.7514    0.3224   0.04417   0.09204  0.006565
    41/399     23.2G   0.04739    0.1155  0.004477    0.1674       170       640    0.8198    0.6431    0.7205    0.2978   0.04728    0.1025  0.009131
    42/399     23.2G    0.0471    0.1153  0.004709    0.1671       183       640    0.8695    0.6833     0.765    0.3311   0.04506   0.08757  0.006829
    43/399     23.2G   0.04759    0.1156  0.004678    0.1678       191       640      0.89    0.8219    0.8779    0.4035   0.04056    0.0752  0.002617
    44/399     23.2G   0.04648    0.1141  0.004469     0.165       170       640    0.9136    0.7729    0.8618    0.3976   0.04111   0.07607  0.003591
    45/399     23.2G   0.04681    0.1147   0.00445    0.1659       154       640    0.7058    0.5186    0.5557    0.2168   0.05691    0.1194   0.01533
    46/399     23.2G   0.04648    0.1147  0.004512    0.1657       203       640    0.8152    0.5479    0.6148    0.2528   0.05152     0.107   0.01082
    47/399     23.2G   0.04619    0.1136  0.004217     0.164       155       640    0.7823      0.68      0.72     0.323   0.04582   0.09081  0.004767
    48/399     23.2G   0.04699    0.1139  0.004401    0.1653       188       640    0.8437    0.7238    0.7686    0.3292   0.04609    0.0908  0.004496
    49/399     23.2G   0.04678    0.1148   0.00474    0.1664       197       640     0.846    0.6878    0.7767    0.3289   0.04584   0.08698  0.005305
    50/399     23.2G   0.04627    0.1166   0.00471    0.1675       174       640    0.8874    0.7923    0.8669    0.3927   0.03962   0.07399  0.004497
    51/399     23.2G   0.04709    0.1149  0.004736    0.1667       212       640    0.6188    0.4122    0.4462     0.169   0.05615     0.122   0.02235
    52/399     23.2G   0.04578    0.1125  0.004451    0.1627       193       640      0.91    0.8337    0.8831    0.3926   0.03936   0.07343  0.002095
    53/399     23.2G   0.04627    0.1133  0.004303    0.1639       174       640    0.8694    0.7289    0.8004    0.3602   0.04399   0.07962  0.004598
    54/399     23.2G   0.04518    0.1118  0.004062    0.1611       158       640    0.9219    0.7884    0.8702    0.4127   0.03981   0.07338  0.002603
    55/399     23.2G   0.04631    0.1136  0.004418    0.1644       166       640     0.886    0.7928    0.8423    0.3735   0.04137   0.07703  0.003132
    56/399     23.2G   0.04597    0.1113  0.004336    0.1616       175       640    0.8761    0.7951    0.8622    0.3868    0.0403    0.0746  0.003853
    57/399     23.2G   0.04566    0.1109  0.004025    0.1606       181       640    0.7906     0.572    0.6379    0.2629    0.0517    0.1074  0.007827
    58/399     23.2G   0.04541    0.1106  0.004491    0.1605       154       640    0.8786    0.7671    0.8297    0.3691   0.04175   0.08156  0.004211
    59/399     23.2G   0.04483    0.1087  0.003835    0.1573       172       640    0.8885    0.7886    0.8558    0.3828   0.04166   0.07568   0.00304
    60/399     23.2G   0.04546    0.1107  0.003986    0.1601       177       640    0.8168    0.5608    0.6222      0.25   0.05336    0.1136  0.008328
    61/399     23.2G   0.04561    0.1116  0.004205    0.1614       163       640    0.8745    0.7283    0.7999    0.3459   0.04371   0.08631  0.006652
    62/399     23.2G   0.04547    0.1122  0.004021    0.1617       174       640    0.9103    0.8491    0.9026    0.4137   0.03889   0.06903  0.001722
    63/399     23.2G   0.04486    0.1102  0.003988    0.1591       138       640    0.9307    0.8525     0.905    0.4287   0.03762   0.06929  0.001891
    64/399     23.2G   0.04488    0.1108  0.004102    0.1598       178       640    0.7941    0.6145     0.689    0.2835   0.04934   0.09916  0.009922
    65/399     23.2G   0.04531    0.1096  0.003948    0.1589       113       640    0.8016    0.6846    0.7338    0.3149   0.04528    0.0911  0.005518
    66/399     23.2G   0.04422    0.1085  0.003908    0.1566       170       640    0.8643    0.7495    0.8069    0.3573   0.04411    0.0854  0.004224
    67/399     23.2G   0.04451    0.1101  0.003885    0.1585       174       640    0.9091    0.8559    0.9052    0.4415   0.03691   0.07095  0.001836
    68/399     23.2G   0.04474    0.1081   0.00398    0.1568       164       640     0.942    0.8135    0.8894    0.4089   0.03905   0.07115  0.002319
    69/399     23.2G   0.04522    0.1104  0.003765    0.1594       245       640     0.808    0.5807     0.645    0.2394   0.04949   0.09916  0.006713
    70/399     23.2G   0.04395    0.1102  0.003688    0.1579       173       640    0.9109     0.826    0.8866    0.4214   0.03908   0.06913  0.001758
    71/399     23.2G   0.04479    0.1087  0.004176    0.1577       132       640    0.8535    0.7088    0.7743    0.3243   0.04569   0.08819  0.004632
    72/399     23.2G   0.04448    0.1089  0.003769    0.1571       182       640    0.9087    0.7963    0.8638    0.3944   0.03978   0.07501  0.003764
    73/399     23.2G   0.04451    0.1087  0.003826     0.157       169       640    0.9138    0.7835     0.848    0.3922   0.04109   0.08095  0.003049
    74/399     23.2G     0.044    0.1077  0.003625    0.1553       180       640    0.8973    0.8209    0.8711    0.3964   0.03972   0.07585  0.002263
    75/399     23.2G   0.04479    0.1089  0.003869    0.1576       184       640    0.8785    0.7874    0.8449    0.3785   0.04098   0.08046  0.003564
    76/399     23.2G   0.04365    0.1081  0.003624    0.1554       164       640    0.9367    0.8777    0.9211    0.4605   0.03686   0.06598   0.00147
    77/399     23.2G   0.04414    0.1066  0.003804    0.1545       185       640    0.8943    0.7968    0.8521    0.4083    0.0405   0.07594  0.002703
    78/399     23.2G   0.04474    0.1087  0.003921    0.1574       187       640    0.8647    0.8041    0.8477    0.3719   0.04162   0.07734  0.003648
    79/399     23.2G   0.04386    0.1073  0.003655    0.1548       199       640    0.9064    0.8469    0.9042     0.431   0.03794   0.07084  0.003123
    80/399     23.2G   0.04416    0.1083   0.00378    0.1562       173       640    0.8769     0.618    0.6987    0.3089   0.04832    0.1105  0.005571
    81/399     23.2G   0.04438    0.1089  0.003885    0.1572       166       640    0.8977    0.8525    0.8957    0.4271   0.03803   0.07173  0.002338
    82/399     23.2G   0.04385     0.107    0.0035    0.1543       161       640    0.9095    0.8071    0.8732    0.3885   0.03958   0.07274  0.003045
    83/399     23.2G    0.0431    0.1063    0.0036     0.153       200       640    0.8707    0.7533    0.8383    0.3884   0.04141   0.07983  0.005353
    84/399     23.2G   0.04341     0.105  0.003528    0.1519       186       640    0.9284    0.9166    0.9413    0.4672   0.03618   0.06396  0.001047
    85/399     23.2G   0.04327    0.1082  0.003789    0.1553       196       640    0.9413     0.877    0.9296    0.4549   0.03683   0.06654  0.001259
    86/399     23.2G     0.043    0.1057  0.003446    0.1521       146       640     0.869    0.7744    0.8153    0.3791   0.04042   0.07813  0.005131
    87/399     23.2G   0.04277    0.1054   0.00356    0.1517       178       640    0.9055    0.7972    0.8647    0.3997   0.04061   0.07703  0.004246
    88/399     23.2G   0.04357    0.1049  0.003703    0.1521       145       640     0.904    0.7905    0.8345    0.3914   0.04179   0.08318  0.002773
    89/399     23.2G   0.04301    0.1049  0.003546    0.1515       157       640     0.873     0.736    0.8041    0.3702    0.0426   0.08212   0.00409
    90/399     23.2G   0.04307    0.1073  0.003398    0.1538       198       640    0.8881    0.7778     0.863    0.3982   0.04015   0.07635   0.00713
    91/399     23.2G   0.04324    0.1056  0.003705    0.1526       178       640     0.889    0.7693    0.8236    0.3622   0.04298   0.08388  0.004103
    92/399     23.2G    0.0429    0.1081   0.00373    0.1547       234       640    0.9293    0.8868    0.9315    0.4709   0.03542   0.06553  0.001139
    93/399     23.2G   0.04281    0.1059  0.003264     0.152       178       640    0.9247     0.853    0.9049    0.4339   0.03788   0.06888  0.001359
    94/399     23.2G   0.04274    0.1046  0.003628     0.151       158       640    0.9207    0.9046    0.9376    0.4601    0.0353   0.06743  0.001094
    95/399     23.2G   0.04245     0.107  0.003553     0.153       210       640    0.8995     0.794    0.8575    0.4216    0.0396   0.07826   0.00333
    96/399     23.2G   0.04203    0.1036  0.003309     0.149       187       640    0.9087    0.7968    0.8659    0.4191   0.03907   0.07397  0.002347
    97/399     23.2G   0.04314    0.1047  0.003531    0.1514       152       640    0.9175    0.8254    0.8783    0.4286   0.03817    0.0755   0.00218
    98/399     23.2G   0.04213    0.1039  0.003355    0.1494       167       640    0.9212    0.8386    0.8974    0.4251   0.03785   0.07101  0.002236
    99/399     23.2G    0.0427    0.1045  0.003481    0.1507       174       640    0.8693    0.7154    0.7918    0.3786   0.04167   0.08458  0.009058
   100/399     23.2G   0.04288     0.106  0.003608    0.1525       174       640    0.8113    0.4963    0.5667    0.2362   0.05532    0.1178   0.01173
   101/399     23.2G   0.04216    0.1055  0.003505    0.1512       198       640    0.9442    0.8016    0.8968    0.4371   0.03668   0.06848  0.002438
   102/399     23.2G   0.04284    0.1043   0.00338    0.1505       150       640    0.9235    0.8695    0.9188    0.4415   0.03678   0.07115  0.001407
   103/399     23.2G   0.04208    0.1054  0.003403    0.1509       147       640    0.9095    0.7822    0.8462    0.4023   0.04011   0.08011  0.003042
   104/399     23.2G   0.04217    0.1027  0.003237    0.1481       182       640     0.881    0.8043     0.874    0.4209   0.03876   0.07758  0.005063
   105/399     23.2G   0.04237    0.1047  0.003296    0.1504       181       640    0.9341    0.8305    0.8905    0.4513   0.03731   0.07069   0.00228
   106/399     23.2G   0.04213    0.1054  0.003253    0.1508       177       640    0.9535    0.8919    0.9408    0.4816   0.03392   0.06437 0.0008236
   107/399     23.2G   0.04147    0.1023  0.003178    0.1469       155       640    0.9521    0.8927    0.9411    0.4895    0.0342   0.06407  0.001786
   108/399     23.2G   0.04223    0.1032  0.003301    0.1487       167       640    0.9146    0.9039    0.9383    0.4633    0.0352    0.0713 0.0009617
   109/399     23.2G   0.04135    0.1024  0.003427    0.1472       166       640    0.9103     0.826    0.8892    0.4272   0.03856   0.07125  0.001577
   110/399     23.2G   0.04174    0.1028  0.003206    0.1477       164       640    0.9334    0.8843    0.9309    0.4801   0.03508   0.06461 0.0009903
   111/399     23.2G   0.04179    0.1029  0.003391     0.148       184       640    0.9264    0.8601     0.915    0.4711   0.03535   0.07093  0.001877
   112/399     23.2G   0.04169    0.1035  0.003356    0.1485       196       640    0.9058    0.7862    0.8642    0.4191   0.03862   0.07592  0.002676
   113/399     23.2G   0.04184    0.1018  0.003337     0.147       184       640    0.9497    0.9015    0.9448    0.4923   0.03422   0.06372   0.00117
   114/399     23.2G    0.0415    0.1039  0.003342    0.1487       182       640    0.9015    0.7569    0.8362     0.394   0.04015   0.08305  0.003778
   115/399     23.2G   0.04179    0.1035  0.003314    0.1486       206       640    0.9273     0.879    0.9143    0.4697   0.03558   0.06717  0.001235
   116/399     23.2G   0.04095    0.1019  0.003078    0.1459       214       640    0.9316    0.8875    0.9282    0.4684   0.03483   0.06698   0.00151
   117/399     23.2G   0.04138     0.101  0.002977    0.1454       150       640    0.9494    0.8912    0.9414    0.4914   0.03385   0.06324  0.001023
   118/399     23.2G   0.04039    0.1025  0.003032     0.146       184       640    0.9453    0.8684    0.9312    0.4711   0.03488   0.06528  0.001595
   119/399     23.2G   0.04132    0.1029  0.003166    0.1474       196       640    0.9531    0.8854    0.9392    0.4928   0.03386   0.06376  0.001618
   120/399     23.2G   0.04137    0.1024  0.002942    0.1467       160       640    0.9353    0.9343    0.9549    0.4888   0.03331   0.06155 0.0007516
   121/399     23.2G   0.04045    0.1016  0.003124    0.1452       183       640    0.9371    0.8585    0.9209    0.4672   0.03593   0.06992  0.001467
   122/399     23.2G    0.0405    0.1016  0.003015    0.1451       185       640    0.9352    0.8912    0.9308     0.467   0.03477   0.06535  0.000986
   123/399     23.2G   0.04068    0.1014  0.003065    0.1452       189       640    0.9234    0.8675    0.9105     0.465   0.03627   0.06787  0.001651
   124/399     23.2G   0.04019    0.1002  0.002889    0.1433       163       640    0.9595    0.9167    0.9552     0.499   0.03317   0.06123 0.0008862
   125/399     23.2G   0.04098    0.1004  0.003174    0.1446       144       640    0.9525    0.9115    0.9521    0.5075   0.03275   0.06177  0.000846
   126/399     23.2G   0.04047    0.1032  0.003289    0.1469       199       640    0.9412    0.9113    0.9473    0.4877    0.0338    0.0633 0.0006789
   127/399     23.2G   0.04097    0.1007  0.002889    0.1446       178       640    0.9383    0.9149     0.951    0.4899   0.03429   0.06216  0.001031
   128/399     23.2G   0.04016   0.09982  0.002802    0.1428       183       640    0.9406    0.9123    0.9573    0.5163   0.03312   0.06561  0.001704
   129/399     23.2G   0.04048   0.09873   0.00294    0.1421       158       640    0.9378    0.8894    0.9399    0.4652   0.03479   0.06574  0.001172
   130/399     23.2G   0.04092    0.1017  0.003175    0.1458       194       640    0.9388    0.9024    0.9441    0.4878   0.03406    0.0634  0.001266
   131/399     23.2G   0.04054    0.1007   0.00331    0.1445       198       640    0.9473    0.9315    0.9598    0.5183   0.03306   0.06087 0.0007939
   132/399     23.2G   0.04024   0.09936  0.003042    0.1426       129       640    0.9395    0.8937    0.9427    0.4913   0.03423   0.06481  0.001198
   133/399     23.2G   0.04058    0.1005  0.003148    0.1443       159       640    0.9608     0.909     0.956    0.5106   0.03305   0.06144 0.0008996
   134/399     23.2G   0.04022   0.09998  0.003097    0.1433       184       640    0.9457    0.9261    0.9494    0.4918   0.03349    0.0616 0.0009458
   135/399     23.2G   0.03981    0.1001  0.002971    0.1429       182       640    0.9355    0.9177    0.9479    0.4957   0.03334   0.06508  0.001068
   136/399     23.2G   0.04032    0.1014  0.003117    0.1448       193       640    0.9129    0.8077     0.876    0.4368    0.0383   0.07347  0.002982
   137/399     23.2G   0.03962    0.1011  0.003044    0.1438       206       640    0.9632    0.9249    0.9647    0.5295   0.03217   0.06012 0.0007292
   138/399     23.2G   0.04023   0.09893  0.002825     0.142       203       640    0.9611     0.918    0.9579    0.4957   0.03322   0.05982 0.0007222
   139/399     23.2G    0.0404   0.09839  0.002956    0.1418       192       640    0.9256    0.8992    0.9383    0.4814   0.03493   0.06438  0.001317
   140/399     23.2G   0.03965   0.09917  0.003014    0.1418       191       640    0.9441    0.9313    0.9604    0.4989   0.03378    0.0618 0.0007625
   141/399     23.2G   0.04006   0.09874  0.002726    0.1415       171       640    0.9286    0.9007    0.9345    0.4969   0.03406   0.06607  0.001897
   142/399     23.2G   0.03919   0.09634   0.00276    0.1383       193       640    0.9324    0.9125    0.9426    0.4853   0.03428   0.06703 0.0008018
   143/399     23.2G    0.0397    0.1004  0.002817    0.1429       197       640    0.9417    0.9368    0.9585    0.5089   0.03252   0.05985 0.0009364
   144/399     23.2G   0.03952   0.09899  0.002947    0.1415       176       640    0.9546    0.9319    0.9633    0.5199   0.03167   0.05881 0.0009071
   145/399     23.2G   0.03917   0.09829  0.002786    0.1403       135       640    0.9654    0.9104    0.9521     0.517   0.03277   0.06271  0.001122
   146/399     23.2G   0.03949   0.09897  0.002996    0.1415       197       640    0.9666    0.9185    0.9643    0.5184   0.03222   0.06034 0.0006808
   147/399     23.2G   0.03962   0.09942  0.003075    0.1421       185       640    0.9682    0.9297    0.9659    0.5201   0.03127   0.05875 0.0006667
   148/399     23.2G   0.03974   0.09986  0.002953    0.1426       168       640    0.9495    0.9249    0.9564    0.5105   0.03309   0.06046 0.0009307
   149/399     23.2G   0.03938    0.0996  0.002928    0.1419       178       640    0.9515    0.9315    0.9621    0.5272   0.03151   0.05913 0.0007661
   150/399     23.2G   0.03907   0.09674  0.002962    0.1388       157       640     0.957     0.934    0.9605    0.5218   0.03161      0.06 0.0005862
   151/399     23.2G   0.03918   0.09951   0.00286    0.1415       142       640    0.9493    0.9434    0.9673    0.5391   0.03095   0.05813 0.0005725
   152/399     23.2G   0.03894   0.09572  0.002724    0.1374       167       640    0.9536    0.9218    0.9544    0.5132   0.03262   0.06198  0.001009
   153/399     23.2G   0.03907   0.09725  0.002731    0.1391       182       640    0.9664    0.9214    0.9649    0.5299   0.03126   0.05898 0.0007065
   154/399     23.2G   0.03935   0.09753  0.002907    0.1398       208       640     0.955    0.9391     0.966    0.5422   0.03083   0.05868 0.0006747
   155/399     23.2G   0.03863   0.09899  0.002815    0.1404       212       640    0.9497    0.9524    0.9646    0.5345   0.03109   0.05839 0.0006538
   156/399     23.2G   0.03842   0.09663  0.002542    0.1376       160       640    0.9471    0.9337    0.9579    0.5096   0.03257   0.06085 0.0006128
   157/399     23.2G   0.03865    0.0974  0.002781    0.1388       192       640      0.95    0.9392    0.9648    0.5292   0.03132   0.05865 0.0005803
   158/399     23.2G   0.03832   0.09699  0.002602    0.1379       177       640    0.9573    0.9216    0.9582    0.5331   0.03136   0.05889  0.000593
   159/399     23.2G   0.03855   0.09707  0.002647    0.1383       168       640    0.9598    0.8982    0.9502     0.506   0.03267   0.06272 0.0007937
   160/399     23.2G   0.03809   0.09645  0.002715    0.1373       194       640    0.9606    0.9278    0.9662    0.5411   0.03055   0.05786 0.0007005
   161/399     23.2G   0.03843   0.09755  0.002739    0.1387       179       640    0.9557     0.906    0.9492    0.5112   0.03321   0.06119  0.001215
   162/399     23.2G   0.03851   0.09849  0.002683    0.1397       177       640    0.9422    0.9385    0.9629    0.5233   0.03178   0.05903 0.0007984
   163/399     23.2G   0.03833   0.09682  0.002744    0.1379       148       640    0.9569    0.9309    0.9632    0.5267   0.03113   0.05983 0.0008146
   164/399     23.2G   0.03865   0.09779  0.002935    0.1394       155       640     0.956    0.9395    0.9673    0.5474    0.0308   0.05732 0.0007102
   165/399     23.2G   0.03819   0.09603  0.002692    0.1369       181       640     0.956    0.9353    0.9597    0.5134    0.0314   0.06023 0.0006592
   166/399     23.2G   0.03808   0.09656  0.002905    0.1375       175       640    0.9522    0.9147    0.9469    0.5233    0.0324   0.06141 0.0008928
   167/399     23.2G   0.03865   0.09754  0.002943    0.1391       173       640    0.9506     0.924    0.9599    0.5345   0.03131   0.05972  0.001056
   168/399     23.2G   0.03846   0.09692  0.002803    0.1382       170       640    0.9507    0.9465    0.9642    0.5423   0.03049   0.05761 0.0008601
   169/399     23.2G   0.03755   0.09512   0.00254    0.1352       178       640    0.9648    0.9225    0.9638    0.5256   0.03156   0.05789 0.0007736
   170/399     23.2G   0.03789   0.09551  0.002751    0.1361       122       640     0.974    0.9334     0.972    0.5564   0.02992   0.05591 0.0005927
   171/399     23.2G   0.03784   0.09503  0.002608    0.1355       177       640    0.9615    0.9362    0.9668    0.5468   0.03048    0.0578 0.0007244
   172/399     23.2G   0.03788   0.09538  0.002617    0.1359       189       640    0.9634    0.9473    0.9702    0.5559   0.03023   0.05647  0.000962
   173/399     23.2G   0.03734   0.09593  0.002378    0.1356       210       640    0.9531    0.9593    0.9702    0.5656   0.02957    0.0566 0.0006289
   174/399     23.2G   0.03712   0.09646  0.002551    0.1361       140       640    0.9472    0.9349    0.9609    0.5341   0.03118    0.0592  0.000528
   175/399     23.2G   0.03811   0.09565   0.00253    0.1363       213       640    0.9587    0.9478    0.9726    0.5576   0.02963   0.05645 0.0005926
   176/399     23.2G   0.03795   0.09686  0.002629    0.1374       181       640    0.9536    0.9607    0.9722    0.5684   0.02988   0.05667 0.0005488
   177/399     23.2G   0.03722   0.09486  0.002667    0.1347       150       640     0.956    0.9395    0.9678    0.5585   0.02982   0.05656 0.0005921
   178/399     23.2G   0.03743   0.09624  0.002675    0.1363       183       640    0.9545    0.9321    0.9659    0.5323   0.03124   0.05829 0.0005354
   179/399     23.2G   0.03733   0.09553  0.002772    0.1356       175       640    0.9474    0.9453    0.9669    0.5357   0.03075   0.05819 0.0006359
   180/399     23.2G   0.03697    0.0946  0.002449     0.134       167       640    0.9458    0.9597    0.9727    0.5476   0.03023    0.0574 0.0006386
   181/399     23.2G   0.03685   0.09526  0.002572    0.1347       133       640    0.9646    0.9529    0.9711    0.5651   0.03006   0.05587  0.000556
   182/399     23.2G   0.03683   0.09411  0.002451    0.1334       231       640    0.9547    0.9414    0.9653      0.55   0.03077   0.05752 0.0005695
   183/399     23.2G   0.03722   0.09481  0.002591    0.1346       186       640     0.964    0.9501    0.9736    0.5618   0.02998   0.05556 0.0006069
   184/399     23.2G   0.03696   0.09394  0.002727    0.1336       174       640    0.9524    0.9392    0.9684    0.5517   0.03029   0.05692 0.0006442
   185/399     23.2G    0.0373   0.09498  0.002571    0.1349       199       640    0.9576    0.9579     0.972    0.5615   0.02946   0.05534 0.0005504
   186/399     23.2G   0.03747   0.09558  0.002611    0.1357       155       640    0.9543    0.9562    0.9715    0.5549   0.02971   0.05707 0.0005765
   187/399     23.2G   0.03676   0.09418  0.002595    0.1335       147       640    0.9759    0.9476    0.9731    0.5589   0.02943   0.05603 0.0005498
   188/399     23.2G   0.03714   0.09453  0.002576    0.1342       153       640    0.9629    0.9611    0.9773    0.5779   0.02902   0.05488 0.0005202
   189/399     23.2G   0.03666   0.09455  0.002709    0.1339       202       640    0.9629    0.9617    0.9755     0.565   0.02986   0.05539 0.0005112
   190/399     23.2G   0.03688   0.09408  0.002433    0.1334       183       640    0.9608    0.9513    0.9716    0.5633   0.02929   0.05534 0.0004985
   191/399     23.2G   0.03675   0.09201  0.002635    0.1314       160       640    0.9616    0.9613    0.9771    0.5622   0.02904   0.05522 0.0004829
   192/399     23.2G   0.03661   0.09448  0.002669    0.1338       197       640    0.9738    0.9425    0.9712    0.5653   0.02921   0.05614 0.0005016
   193/399     23.2G   0.03649   0.09357  0.002607    0.1327       165       640    0.9786    0.9412    0.9738    0.5675   0.02906   0.05584 0.0004612
   194/399     23.2G     0.036   0.09238  0.002382    0.1308       174       640    0.9707    0.9537    0.9753    0.5667   0.02923   0.05593 0.0004735
   195/399     23.2G   0.03676   0.09546   0.00267    0.1349       217       640    0.9674    0.9488    0.9727    0.5698   0.02889   0.05574 0.0005142
   196/399     23.2G   0.03657   0.09302  0.002555    0.1321       209       640    0.9675    0.9498    0.9747    0.5656    0.0292   0.05631 0.0005136
   197/399     23.2G   0.03582   0.09148   0.00238    0.1297       177       640    0.9711    0.9557    0.9733    0.5759   0.02893   0.05489 0.0004566
   198/399     23.2G   0.03588   0.09117  0.002617    0.1297       227       640    0.9707      0.95    0.9762    0.5746   0.02875   0.05525 0.0005586
   199/399     23.2G   0.03563   0.09122  0.002419    0.1293       168       640    0.9664    0.9536     0.974    0.5841   0.02854   0.05461 0.0005292
   200/399     23.2G     0.036   0.09154  0.002504      0.13       130       640    0.9763    0.9427    0.9739    0.5785   0.02876   0.05465  0.000512
   201/399     23.2G   0.03576   0.09221  0.002296    0.1303       139       640    0.9588    0.9475    0.9674    0.5619   0.02983   0.05684 0.0007346
   202/399     23.2G   0.03601   0.09119  0.002249    0.1294       176       640    0.9659    0.9537    0.9745    0.5778   0.02861   0.05455 0.0004226
   203/399     23.2G   0.03607   0.09401  0.002539    0.1326       165       640    0.9634    0.9478    0.9727    0.5667   0.02936   0.05544 0.0004867
   204/399     23.2G   0.03514   0.09146  0.002412     0.129       177       640    0.9695    0.9521    0.9755    0.5764   0.02881   0.05543 0.0004809
   205/399     23.2G   0.03537   0.09278  0.002313    0.1305       187       640    0.9716    0.9551    0.9765    0.5833   0.02825   0.05425 0.0006032
   206/399     23.2G   0.03486   0.09089   0.00215    0.1279       190       640    0.9662    0.9448    0.9731    0.5731   0.02879   0.05493 0.0005061
   207/399     23.2G   0.03519   0.09038  0.002396     0.128       184       640    0.9719    0.9525    0.9753    0.5832   0.02812   0.05431 0.0004375
   208/399     23.2G   0.03557   0.09077  0.002375    0.1287       168       640    0.9713    0.9604    0.9769    0.5824   0.02794   0.05413 0.0004433
   209/399     23.2G   0.03562   0.09362  0.002357    0.1316       186       640    0.9675    0.9544    0.9765    0.5826   0.02819   0.05392 0.0004657
   210/399     23.2G   0.03518   0.09159   0.00246    0.1292       164       640    0.9658    0.9547    0.9746    0.5815   0.02824   0.05433 0.0004235
   211/399     23.2G   0.03496    0.0908  0.002406    0.1282       137       640    0.9659    0.9582    0.9776    0.5851   0.02816    0.0537 0.0004428
   212/399     23.2G   0.03489   0.09126  0.002494    0.1286       154       640    0.9643    0.9591    0.9751    0.5779   0.02875   0.05381 0.0004311
   213/399     23.2G   0.03541   0.09033  0.002419    0.1282       164       640    0.9649    0.9669    0.9796    0.5876   0.02826    0.0537 0.0004203
   214/399     23.2G   0.03511   0.09011   0.00232    0.1275       144       640    0.9741    0.9532    0.9792    0.5733   0.02891   0.05503 0.0005259
   215/399     23.2G   0.03481   0.08979  0.002254    0.1269       170       640    0.9612    0.9651    0.9766    0.5858   0.02839    0.0541  0.000498
   216/399     23.2G   0.03486   0.09032   0.00236    0.1275       178       640    0.9761    0.9533    0.9802    0.5957   0.02768    0.0534 0.0004253
   217/399     23.2G   0.03532   0.08942  0.002272     0.127       164       640    0.9787     0.948    0.9786    0.5847   0.02812   0.05392 0.0004454
   218/399     23.2G   0.03471   0.08985  0.002449     0.127       171       640    0.9606    0.9662     0.979    0.5883   0.02808   0.05399  0.000402
   219/399     23.2G   0.03479   0.08976  0.002335    0.1269       191       640    0.9639    0.9588    0.9779     0.583   0.02825   0.05415 0.0004296
   220/399     23.2G   0.03411   0.08885  0.002161    0.1251       199       640     0.971    0.9596    0.9774    0.5906   0.02779   0.05365 0.0004229
   221/399     23.2G   0.03467   0.08907   0.00246    0.1262       200       640    0.9686    0.9633    0.9767    0.5885   0.02787   0.05349 0.0003645
   222/399     23.2G   0.03411   0.08889   0.00221    0.1252       205       640    0.9667    0.9546    0.9751    0.5917   0.02794   0.05399 0.0003972
   223/399     23.2G   0.03444   0.09047   0.00237    0.1273       173       640    0.9598    0.9594    0.9771    0.5906   0.02809   0.05403 0.0004067
   224/399     23.2G   0.03419   0.08958   0.00217    0.1259       165       640    0.9686    0.9549    0.9762    0.5966   0.02761   0.05347 0.0003967
   225/399     23.2G    0.0344   0.09027  0.002274    0.1269       201       640    0.9708    0.9589    0.9775    0.6003    0.0275   0.05368 0.0004622
   226/399     23.2G   0.03448   0.08922  0.002218    0.1259       165       640    0.9742    0.9572     0.978    0.6015   0.02741   0.05329  0.000466
   227/399     23.2G   0.03408   0.08923  0.002177    0.1255       199       640    0.9636    0.9673    0.9775    0.6049   0.02708   0.05298 0.0004566
   228/399     23.2G    0.0338   0.08929  0.002123    0.1252       181       640    0.9674    0.9585    0.9787     0.594   0.02751   0.05338 0.0004055
   229/399     23.2G   0.03427   0.08794  0.002205    0.1244       195       640    0.9612    0.9593    0.9753    0.5962   0.02763   0.05375  0.000413
   230/399     23.2G   0.03412   0.09021  0.002176    0.1265       166       640    0.9674    0.9617    0.9798    0.5966   0.02759    0.0536 0.0004286
   231/399     23.2G   0.03368   0.08947  0.002033    0.1252       161       640    0.9767    0.9523    0.9784    0.5977   0.02738    0.0531 0.0003921
   232/399     23.2G    0.0334   0.08851  0.002197    0.1241       203       640    0.9654     0.968    0.9785    0.6056   0.02704   0.05269 0.0003774
   233/399     23.2G   0.03412   0.08855  0.002159    0.1248       191       640    0.9658    0.9662    0.9806    0.6061   0.02708   0.05279 0.0003918
   234/399     23.2G   0.03373   0.08991  0.002166    0.1258       197       640    0.9726    0.9677    0.9803    0.6028   0.02728     0.053 0.0004035
   235/399     23.2G   0.03351   0.08827  0.002477    0.1243       177       640    0.9737    0.9588    0.9787    0.6066   0.02684    0.0524 0.0003982
   236/399     23.2G   0.03361   0.08836  0.002217    0.1242       195       640    0.9745     0.959    0.9787    0.6062   0.02686   0.05266 0.0003908
   237/399     23.2G   0.03399   0.08997  0.002345    0.1263       159       640    0.9723    0.9662    0.9799    0.6086   0.02679   0.05302  0.000416
   238/399     23.2G   0.03368   0.08845  0.002113    0.1242       171       640    0.9631    0.9731    0.9818    0.6029   0.02704   0.05347 0.0003908
   239/399     23.2G   0.03334   0.08842  0.002113    0.1239       200       640    0.9693    0.9693    0.9825    0.6093   0.02671   0.05311  0.000393
   240/399     23.2G   0.03393    0.0886   0.00242    0.1249       162       640    0.9693    0.9657     0.981    0.6072   0.02675   0.05272 0.0003973
   241/399     23.2G   0.03305   0.08755   0.00202    0.1226       158       640     0.974    0.9569     0.979    0.6136    0.0265   0.05266 0.0003858
   242/399     23.2G   0.03362   0.08788  0.002281    0.1238       169       640    0.9774    0.9508    0.9792    0.6131   0.02672   0.05321 0.0004175
   243/399     23.2G   0.03311   0.08722  0.002168    0.1225       191       640    0.9752    0.9561    0.9813    0.6148   0.02678   0.05302 0.0004053
   244/399     23.2G   0.03314    0.0883  0.002353    0.1238       143       640    0.9638    0.9678    0.9821    0.6171   0.02659   0.05318 0.0003859
   245/399     23.2G   0.03269   0.08555   0.00224    0.1205       199       640    0.9722    0.9645    0.9792    0.6163   0.02656   0.05266 0.0004397
   246/399     23.2G   0.03277   0.08602  0.002213     0.121       168       640    0.9703    0.9676    0.9802    0.6194   0.02625   0.05176 0.0004134
   247/399     23.2G   0.03311   0.08749  0.002284    0.1229       176       640    0.9758    0.9635    0.9823    0.6171   0.02641   0.05214  0.000428
   248/399     23.2G   0.03337   0.08933  0.002229    0.1249       189       640    0.9729    0.9649    0.9808    0.6141   0.02656   0.05249 0.0004014
   249/399     23.2G    0.0329   0.08752  0.002157    0.1226       188       640    0.9683    0.9681    0.9825    0.6168   0.02648   0.05197 0.0004046
   250/399     23.2G   0.03272   0.08712  0.002151     0.122       162       640    0.9669    0.9629    0.9816    0.6176   0.02647   0.05213 0.0003806
   251/399     23.2G   0.03248    0.0862  0.002194    0.1209       149       640    0.9672    0.9602    0.9788    0.6203   0.02631   0.05209 0.0004023
   252/399     23.2G   0.03207   0.08593  0.001965      0.12       177       640    0.9696    0.9595    0.9793     0.621   0.02642   0.05212 0.0004078
   253/399     23.2G   0.03212   0.08431  0.001919    0.1183       172       640    0.9667    0.9633    0.9788    0.6217   0.02635   0.05209 0.0004039
   254/399     23.2G   0.03266   0.08716  0.002037    0.1218       189       640     0.979    0.9543    0.9811    0.6292   0.02606   0.05175 0.0004016
   255/399     23.2G   0.03227   0.08542   0.00205    0.1197       142       640    0.9741     0.962     0.979    0.6227   0.02622     0.052 0.0004014
   256/399     23.2G   0.03244    0.0859  0.002123    0.1205       161       640    0.9771    0.9583    0.9793    0.6246   0.02602   0.05174 0.0003922
   257/399     23.2G   0.03212   0.08664  0.002059    0.1208       178       640      0.98    0.9607    0.9797    0.6269    0.0259   0.05145 0.0003694
   258/399     23.2G   0.03235   0.08828  0.002127    0.1228       202       640    0.9782     0.964     0.982    0.6238   0.02607   0.05182 0.0003797
   259/399     23.2G   0.03202   0.08693  0.002038     0.121       192       640    0.9763    0.9635    0.9791    0.6259   0.02592   0.05163 0.0003716
   260/399     23.2G   0.03211   0.08543  0.002025    0.1196       208       640    0.9762    0.9628    0.9798    0.6244    0.0261   0.05173 0.0003965
   261/399     23.2G   0.03171   0.08673  0.002132    0.1206       204       640    0.9684    0.9707    0.9802    0.6227   0.02619   0.05186  0.000394
   262/399     23.2G   0.03177   0.08347  0.002039    0.1173       175       640    0.9708    0.9659    0.9814    0.6227   0.02604   0.05189  0.000385
   263/399     23.2G    0.0319    0.0843  0.002165    0.1184       147       640    0.9715    0.9644    0.9793    0.6206   0.02624   0.05216 0.0003873
   264/399     23.2G    0.0318   0.08507  0.002148     0.119       204       640    0.9758     0.964    0.9822    0.6226   0.02601   0.05208 0.0003953
   265/399     23.2G   0.03168   0.08569   0.00201    0.1194       206       640    0.9729    0.9658    0.9823    0.6257   0.02581   0.05187 0.0003871
   266/399     23.2G   0.03208   0.08503  0.002004    0.1191       207       640    0.9766     0.955    0.9783    0.6275   0.02573   0.05181 0.0003947
   267/399     23.2G   0.03192   0.08467  0.002137    0.1187       187       640    0.9771    0.9569    0.9783    0.6263   0.02575   0.05161 0.0003753
   268/399     23.2G   0.03098   0.08212   0.00177    0.1149       157       640    0.9706    0.9663    0.9802    0.6281   0.02559   0.05152  0.000364
   269/399     23.2G   0.03133   0.08383  0.001817     0.117       172       640    0.9829     0.957    0.9772    0.6295   0.02555   0.05141 0.0003644
   270/399     23.2G   0.03195   0.08647   0.00217    0.1206       206       640    0.9786    0.9637    0.9791      0.63   0.02559   0.05144 0.0003727
   271/399     23.2G   0.03105    0.0838  0.001951    0.1168       187       640    0.9752    0.9618    0.9791    0.6272   0.02574   0.05154 0.0003881
   272/399     23.2G   0.03127   0.08422  0.002041    0.1175       216       640    0.9772     0.962    0.9797    0.6292   0.02565   0.05114 0.0003883
   273/399     23.2G   0.03123   0.08393  0.002018    0.1172       200       640    0.9802    0.9592    0.9817    0.6294   0.02553   0.05103 0.0003895
   274/399     23.2G   0.03106   0.08458   0.00202    0.1177       195       640    0.9671    0.9705    0.9788    0.6294   0.02536   0.05093 0.0003658
   275/399     23.2G   0.03102   0.08437  0.001901    0.1173       212       640    0.9681    0.9703    0.9816    0.6317    0.0253   0.05089 0.0003653
   276/399     23.2G   0.03116   0.08341  0.002067    0.1166       194       640    0.9723    0.9686    0.9796    0.6306   0.02541   0.05118 0.0003684
   277/399     23.2G   0.03108   0.08257  0.001992    0.1156       179       640    0.9694    0.9705    0.9798    0.6287   0.02549   0.05149 0.0003577
   278/399     23.2G    0.0304   0.08304  0.001903    0.1153       178       640    0.9729    0.9642    0.9827    0.6275   0.02567   0.05156 0.0003812
   279/399     23.2G   0.03092   0.08348  0.002028    0.1164       162       640    0.9728    0.9654    0.9802    0.6291   0.02538   0.05126 0.0003747
   280/399     23.2G   0.03071   0.08505  0.002135    0.1179       190       640    0.9747    0.9626    0.9791    0.6282    0.0254   0.05131 0.0003929
   281/399     23.2G    0.0307   0.08402  0.001966    0.1167       210       640      0.97    0.9632    0.9787    0.6319   0.02529   0.05109 0.0003914
   282/399     23.2G   0.03101   0.08494  0.002034     0.118       247       640    0.9747    0.9634    0.9826    0.6342   0.02528   0.05095 0.0004078
   283/399     23.2G   0.03049   0.08188  0.001919    0.1143       165       640     0.973    0.9683    0.9812    0.6332   0.02526   0.05088 0.0003834
   284/399     23.2G   0.03004   0.08139  0.001771    0.1132       119       640    0.9732     0.971    0.9819     0.635   0.02516   0.05067 0.0003874
   285/399     23.2G   0.03016   0.08225  0.001926    0.1143       179       640    0.9731    0.9682    0.9816    0.6366   0.02518   0.05056 0.0003824
   286/399     23.2G   0.03036   0.08325  0.001894    0.1155       220       640    0.9751    0.9688    0.9822    0.6362   0.02522   0.05054 0.0003913
   287/399     23.2G   0.03064   0.08378  0.001988    0.1164       163       640    0.9741    0.9711    0.9811    0.6402   0.02503   0.05039 0.0003796
   288/399     23.2G   0.03007   0.08276  0.001713    0.1145       238       640    0.9796    0.9662    0.9818    0.6411   0.02495   0.05036 0.0003613
   289/399     23.2G   0.03019   0.08107  0.001811    0.1131       161       640     0.971    0.9694    0.9809    0.6408   0.02503    0.0504 0.0003641
   290/399     23.2G   0.03006   0.08333  0.001869    0.1153       180       640    0.9713     0.968    0.9795    0.6407   0.02497   0.05041  0.000368
   291/399     23.2G   0.03034   0.08255   0.00183    0.1147       180       640    0.9685    0.9746    0.9801    0.6364   0.02532   0.05084 0.0003645
   292/399     23.2G   0.02963   0.07955  0.001883    0.1111       158       640    0.9809    0.9605    0.9825    0.6389   0.02511   0.05051   0.00036
   293/399     23.2G   0.02967    0.0809  0.001845    0.1124       195       640     0.971    0.9724    0.9818    0.6433    0.0249   0.05034 0.0003616
   294/399     23.2G   0.02991   0.08194  0.001817    0.1137       170       640    0.9725    0.9684    0.9798    0.6445   0.02484   0.05022 0.0003569
   295/399     23.2G    0.0299   0.08068  0.001904    0.1125       186       640    0.9702    0.9692     0.981    0.6457   0.02475   0.05011 0.0003643
   296/399     23.2G   0.02977   0.08125  0.001788    0.1128       206       640    0.9719    0.9726    0.9809    0.6449   0.02467   0.05005 0.0003368
   297/399     23.2G   0.02973   0.08226   0.00192    0.1139       187       640    0.9731    0.9713    0.9807    0.6455   0.02471   0.05014 0.0003521
   298/399     23.2G   0.02954   0.08126  0.001842    0.1126       183       640    0.9802    0.9637    0.9816    0.6427   0.02483   0.05027 0.0003697
   299/399     23.2G   0.02953   0.08013  0.001846    0.1115       148       640    0.9794    0.9653    0.9822     0.643   0.02466   0.05015 0.0003567
   300/399     23.2G   0.02963   0.08187  0.001765    0.1133       137       640    0.9761    0.9707    0.9826    0.6457   0.02462    0.0501 0.0003578
   301/399     23.2G   0.02971   0.08272  0.001842    0.1143       170       640    0.9797    0.9653    0.9822     0.645   0.02467   0.05007 0.0003723
   302/399     23.2G   0.02908   0.08033  0.001781    0.1112       208       640    0.9785    0.9661    0.9837    0.6463   0.02468   0.05004 0.0003707
   303/399     23.2G   0.02909    0.0791  0.001723    0.1099       159       640    0.9797    0.9639    0.9827    0.6473   0.02464   0.04988 0.0003714
   304/399     23.2G   0.02922   0.08039  0.001807    0.1114       203       640    0.9782    0.9643    0.9805    0.6464    0.0247   0.05002 0.0003644
   305/399     23.2G   0.02947   0.08163  0.001912     0.113       189       640    0.9775    0.9661    0.9806    0.6453   0.02475   0.05014  0.000365
   306/399     23.2G   0.02907   0.07987  0.001695    0.1106       143       640     0.979     0.967    0.9813    0.6453   0.02468   0.05006 0.0003562
   307/399     23.2G    0.0291   0.07989  0.001822    0.1108       211       640    0.9784    0.9669    0.9815    0.6486   0.02454    0.0498 0.0003517
   308/399     23.2G   0.02891   0.07949  0.001685    0.1101       159       640    0.9748    0.9668    0.9809    0.6455   0.02458   0.04974 0.0003451
   309/399     23.2G   0.02888   0.07825  0.001784    0.1089       180       640    0.9762    0.9637    0.9807    0.6457   0.02457   0.04999 0.0003491
   310/399     23.2G   0.02883    0.0795  0.001808    0.1101       160       640    0.9687    0.9668    0.9803    0.6491   0.02448   0.04985  0.000363
   311/399     23.2G   0.02875   0.07873  0.001807    0.1093       145       640    0.9725    0.9638    0.9796    0.6493   0.02444    0.0497 0.0003611
   312/399     23.2G   0.02875   0.08045  0.001779     0.111       171       640    0.9726    0.9645    0.9802    0.6497   0.02441   0.04982 0.0003631
   313/399     23.2G    0.0285   0.07883  0.001535    0.1089       168       640    0.9742    0.9624    0.9803    0.6513   0.02437   0.04972 0.0003621
   314/399     23.2G   0.02854   0.07977   0.00188    0.1102       186       640    0.9695    0.9699    0.9808    0.6499   0.02433   0.04966  0.000359
   315/399     23.2G   0.02817   0.07901  0.001614    0.1088       182       640    0.9783    0.9611     0.983    0.6506   0.02431   0.04968  0.000363
   316/399     23.2G   0.02897   0.07986  0.001924    0.1108       223       640    0.9761    0.9629    0.9823    0.6502    0.0243   0.04963 0.0003654
   317/399     23.2G   0.02879   0.07887  0.001907    0.1096       159       640      0.98    0.9596    0.9833    0.6502   0.02436   0.04973 0.0003753
   318/399     23.2G   0.02872   0.07988  0.001916    0.1105       192       640    0.9727    0.9685    0.9822    0.6493   0.02435   0.04968 0.0003729
   319/399     23.2G    0.0281   0.07831  0.001629     0.108       161       640    0.9757    0.9625    0.9817    0.6491   0.02439   0.04978 0.0003755
   320/399     23.2G   0.02834   0.07898  0.001776    0.1091       202       640    0.9766    0.9613    0.9819    0.6482   0.02433   0.04978  0.000378
   321/399     23.2G   0.02814   0.07855  0.001789    0.1085       193       640    0.9701    0.9698    0.9808    0.6512   0.02424   0.04971 0.0003714
   322/399     23.2G   0.02799   0.07789  0.001832    0.1077       163       640    0.9703    0.9673    0.9824    0.6514   0.02424   0.04969 0.0003719
   323/399     23.2G   0.02811   0.07784  0.001745    0.1077       149       640    0.9693    0.9685     0.981    0.6518    0.0242   0.04971 0.0003815
   324/399     23.2G   0.02824   0.07978  0.001725    0.1097       189       640    0.9715    0.9681    0.9809    0.6521   0.02421   0.04977 0.0003799
   325/399     23.2G   0.02811   0.07889  0.001944    0.1089       163       640    0.9781    0.9604    0.9804    0.6506   0.02422   0.04977 0.0003783
   326/399     23.2G   0.02812   0.07941  0.001809    0.1093       169       640    0.9773    0.9621    0.9814    0.6536   0.02415   0.04964 0.0003769
   327/399     23.2G   0.02862   0.07856  0.002081    0.1093       186       640     0.981    0.9594    0.9836    0.6558   0.02408   0.04952 0.0003716
   328/399     23.2G   0.02748   0.07799   0.00172    0.1072       175       640    0.9712     0.971    0.9829    0.6551   0.02409   0.04957 0.0003754
   329/399     23.2G   0.02781   0.07752  0.001899    0.1072       164       640     0.981     0.961    0.9831     0.655    0.0241   0.04961  0.000374
   330/399     23.2G   0.02762   0.07665  0.001685     0.106       168       640    0.9813    0.9609    0.9823    0.6556   0.02408   0.04958 0.0003737
   331/399     23.2G   0.02788   0.07805  0.001749    0.1077       198       640    0.9807    0.9624    0.9819    0.6545   0.02407   0.04952   0.00038
   332/399     23.2G   0.02772   0.07818  0.001762    0.1077       211       640    0.9704    0.9717    0.9823    0.6562   0.02407   0.04954 0.0003774
   333/399     23.2G   0.02789    0.0781  0.001668    0.1077       170       640     0.972    0.9723    0.9821    0.6567   0.02401   0.04949 0.0003821
   334/399     23.2G   0.02771   0.07747  0.001732    0.1069       182       640    0.9796    0.9641    0.9827    0.6561   0.02403   0.04951 0.0003788
   335/399     23.2G   0.02768   0.07693  0.001714    0.1063       164       640    0.9731    0.9715     0.983     0.655   0.02401   0.04956 0.0003745
   336/399     23.2G   0.02739   0.07639  0.001608    0.1054       134       640    0.9738    0.9707    0.9811    0.6557     0.024   0.04964 0.0003723
   337/399     23.2G   0.02775   0.07705  0.001813    0.1066       175       640    0.9724    0.9717    0.9821    0.6576   0.02395    0.0496  0.000367
   338/399     23.2G   0.02791   0.07833  0.001878    0.1081       179       640    0.9736    0.9718    0.9829    0.6573    0.0239   0.04957 0.0003636
   339/399     23.2G   0.02764    0.0764  0.001723    0.1058       216       640     0.983    0.9616    0.9825    0.6572   0.02396    0.0497 0.0003668
   340/399     23.2G   0.02771   0.07665  0.001916    0.1063       172       640    0.9731    0.9706    0.9818    0.6549   0.02395   0.04967  0.000367
   341/399     23.2G   0.02709   0.07598  0.001676    0.1047       222       640    0.9739    0.9727    0.9817    0.6556   0.02393   0.04964   0.00037
   342/399     23.2G   0.02748    0.0775  0.001992     0.107       162       640    0.9731    0.9718     0.981    0.6543   0.02397   0.04973 0.0003782
   343/399     23.2G   0.02718   0.07636  0.001628    0.1052       224       640    0.9821    0.9636    0.9809    0.6562   0.02392   0.04966 0.0003743
   344/399     23.2G    0.0272   0.07761  0.001744    0.1066       183       640    0.9736     0.972    0.9813    0.6535   0.02392   0.04963 0.0003744
   345/399     23.2G   0.02696   0.07678  0.001634    0.1054       164       640    0.9807    0.9636    0.9811    0.6546   0.02393   0.04958 0.0003711
   346/399     23.2G   0.02699   0.07611  0.001638    0.1047       188       640    0.9735    0.9716    0.9809    0.6549   0.02387   0.04953 0.0003672
   347/399     23.2G   0.02703   0.07649  0.001668    0.1052       169       640    0.9817     0.963     0.981    0.6555    0.0238   0.04942  0.000368
   348/399     23.2G   0.02687   0.07654  0.001668    0.1051       167       640    0.9712    0.9739     0.981    0.6551   0.02383   0.04947 0.0003706
   349/399     23.2G   0.02675   0.07641  0.001588    0.1048       192       640    0.9737    0.9704     0.981    0.6556   0.02382   0.04954 0.0003704
   350/399     23.2G   0.02706   0.07541  0.001712    0.1042       170       640    0.9796    0.9642    0.9807    0.6555   0.02387   0.04951 0.0003721
   351/399     23.2G    0.0267   0.07477  0.001644    0.1031       196       640    0.9734    0.9702    0.9806    0.6552   0.02383   0.04955  0.000372
   352/399     23.2G    0.0267   0.07609  0.001538    0.1043       210       640    0.9719    0.9742    0.9809    0.6564   0.02379   0.04949 0.0003754
   353/399     23.2G   0.02695   0.07657  0.001711    0.1052       158       640     0.972     0.974    0.9812    0.6575   0.02374   0.04941 0.0003748
   354/399     23.2G   0.02661   0.07574  0.001502    0.1039       181       640    0.9721    0.9753    0.9812    0.6563   0.02376   0.04946 0.0003756
   355/399     23.2G   0.02663   0.07473  0.001614     0.103       164       640     0.973    0.9727    0.9808    0.6573   0.02373   0.04941 0.0003734
   356/399     23.2G    0.0268   0.07504  0.001615    0.1035       199       640     0.974    0.9719    0.9809    0.6586   0.02371   0.04944 0.0003763
   357/399     23.2G   0.02652   0.07597  0.001691    0.1042       207       640    0.9765    0.9728     0.981    0.6594   0.02368   0.04941 0.0003824
   358/399     23.2G   0.02649   0.07602  0.001571    0.1041       160       640    0.9741    0.9742    0.9811    0.6589    0.0237   0.04942 0.0003813
   359/399     23.2G   0.02666   0.07631  0.001673    0.1046       218       640     0.974    0.9743    0.9824    0.6604   0.02367   0.04942 0.0003814
   360/399     23.2G   0.02665    0.0758  0.001566     0.104       183       640    0.9773    0.9716    0.9811    0.6603   0.02367   0.04939 0.0003826
   361/399     23.2G   0.02623   0.07611  0.001528    0.1039       210       640    0.9746    0.9743    0.9813    0.6599   0.02365   0.04937 0.0003831
   362/399     23.2G   0.02673   0.07526  0.001773    0.1038       158       640    0.9752    0.9738    0.9811    0.6599   0.02364   0.04937 0.0003811
   363/399     23.2G   0.02651   0.07458  0.001634    0.1027       123       640    0.9745    0.9739    0.9814    0.6625    0.0236   0.04935  0.000378
   364/399     23.2G   0.02591    0.0741  0.001459    0.1015       149       640     0.976    0.9732    0.9825    0.6623   0.02361   0.04938 0.0003781
   365/399     23.2G   0.02662   0.07491  0.001664    0.1032       195       640    0.9742    0.9724    0.9809    0.6623   0.02357   0.04935 0.0003767
   366/399     23.2G   0.02627   0.07497  0.001607    0.1028       143       640    0.9745    0.9727     0.981    0.6624   0.02357   0.04934 0.0003769
   367/399     23.2G   0.02627   0.07454  0.001522    0.1023       191       640    0.9741     0.971    0.9805    0.6617   0.02356   0.04931 0.0003738
   368/399     23.2G   0.02658   0.07478  0.001646     0.103       190       640    0.9738    0.9737    0.9812    0.6622   0.02355   0.04937 0.0003728
   369/399     23.2G    0.0264   0.07556  0.001512    0.1035       156       640    0.9731     0.974    0.9811    0.6617   0.02354   0.04931 0.0003694
   370/399     23.2G   0.02604    0.0734  0.001351    0.1008       211       640    0.9742    0.9732    0.9811    0.6611   0.02353   0.04932 0.0003656
   371/399     23.2G   0.02593   0.07399  0.001473    0.1014       168       640    0.9749    0.9728     0.981    0.6612   0.02352    0.0493 0.0003657
   372/399     23.2G   0.02674   0.07653  0.001733     0.105       155       640     0.974    0.9723     0.981    0.6626   0.02351   0.04932 0.0003659
   373/399     23.2G   0.02596   0.07429  0.001536    0.1018       170       640    0.9731    0.9738    0.9815    0.6628   0.02351   0.04938 0.0003665
   374/399     23.2G   0.02631   0.07459    0.0015    0.1024       198       640    0.9752    0.9715    0.9822    0.6621    0.0235   0.04934 0.0003642
   375/399     23.2G   0.02635    0.0739  0.001659    0.1019       159       640    0.9743    0.9737    0.9827    0.6622   0.02349   0.04934 0.0003645
   376/399     23.2G   0.02615   0.07411  0.001541    0.1018       165       640    0.9767    0.9734    0.9826    0.6609    0.0235    0.0494 0.0003625
   377/399     23.2G   0.02669   0.07562  0.001703     0.104       201       640    0.9783    0.9718    0.9829    0.6613   0.02349   0.04943 0.0003619
   378/399     23.2G   0.02581   0.07344  0.001562    0.1008       176       640    0.9771    0.9728    0.9829    0.6605   0.02349   0.04941 0.0003615
   379/399     23.2G   0.02631   0.07508  0.001704    0.1031       163       640    0.9735    0.9757    0.9828    0.6616   0.02349   0.04945 0.0003613
   380/399     23.2G   0.02614   0.07393  0.001586    0.1016       148       640    0.9746    0.9737    0.9826    0.6615   0.02348   0.04945 0.0003625
   381/399     23.2G   0.02612   0.07473  0.001699    0.1026       178       640     0.976    0.9731    0.9829    0.6623   0.02347   0.04941 0.0003626
   382/399     23.2G   0.02554   0.07294  0.001462   0.09994       156       640    0.9776    0.9718    0.9829    0.6618   0.02348   0.04939  0.000363
   383/399     23.2G   0.02596   0.07423  0.001535    0.1017       149       640     0.976    0.9724    0.9828    0.6623   0.02346   0.04935 0.0003618
   384/399     23.2G   0.02576   0.07373  0.001513     0.101       152       640    0.9764    0.9727    0.9828    0.6618   0.02345   0.04936 0.0003626
   385/399     23.2G   0.02614    0.0738  0.001572    0.1015       166       640    0.9732    0.9766    0.9828    0.6617   0.02342   0.04932 0.0003624
   386/399     23.2G   0.02598    0.0741  0.001505    0.1016       187       640    0.9769    0.9728     0.983    0.6623   0.02339   0.04926 0.0003619
   387/399     23.2G   0.02582   0.07297  0.001533    0.1003       179       640    0.9762    0.9734     0.983    0.6627   0.02339   0.04926 0.0003624
   388/399     23.2G   0.02594    0.0723  0.001501   0.09973       206       640    0.9772    0.9739    0.9828    0.6613    0.0234    0.0493 0.0003609
   389/399     23.2G   0.02645   0.07624  0.001739    0.1044       189       640    0.9735     0.976    0.9828    0.6621    0.0234   0.04927 0.0003603
   390/399     23.2G   0.02625   0.07381  0.001584    0.1016       137       640    0.9763    0.9727    0.9828    0.6622   0.02338   0.04928 0.0003601
   391/399     23.2G   0.02586   0.07299  0.001526    0.1004       178       640    0.9764    0.9735     0.983     0.662   0.02338   0.04928 0.0003619
   392/399     23.2G   0.02601   0.07437  0.001588     0.102       184       640    0.9787    0.9723    0.9829    0.6623   0.02337   0.04927   0.00036
   393/399     23.2G   0.02595   0.07415  0.001544    0.1016       173       640    0.9777    0.9735    0.9829    0.6621   0.02337   0.04925 0.0003615
   394/399     23.2G   0.02583   0.07363  0.001587    0.1011       199       640    0.9777    0.9731    0.9829    0.6627   0.02335   0.04925 0.0003598
   395/399     23.2G   0.02602   0.07421  0.001604    0.1018       217       640    0.9769    0.9727    0.9816    0.6629   0.02334   0.04923   0.00036
   396/399     23.2G   0.02587   0.07225  0.001549   0.09967       153       640    0.9765    0.9734    0.9829    0.6625   0.02335   0.04925 0.0003621
   397/399     23.2G   0.02557   0.07196  0.001485   0.09901       172       640    0.9775     0.972    0.9828    0.6626   0.02333   0.04924 0.0003609
   398/399     23.2G   0.02572   0.07333  0.001551    0.1006       155       640    0.9778    0.9723    0.9827    0.6627   0.02334   0.04926 0.0003607
   399/399     23.2G   0.02568   0.07253  0.001475   0.09969       186       640     0.978    0.9711    0.9828    0.6633   0.02333   0.04924  0.000361
