     0/199     9.91G   0.05055   0.05033  0.006807    0.1077       200       640     0.868    0.7995    0.8583    0.3707   0.05553    0.1251  0.002753
     1/199     9.91G   0.03286   0.04461  0.001537   0.07901       169       640     0.948    0.9128    0.9472    0.4353   0.04306    0.1271  0.002328
     2/199     9.91G   0.03295   0.04341  0.003005   0.07936       165       640    0.7509    0.8263    0.7174    0.2473   0.05475    0.1659   0.01712
     3/199     9.91G   0.03158   0.04351   0.00203   0.07712       177       640    0.9304    0.8913    0.9192    0.4461   0.04638     0.159   0.01387
     4/199     9.91G   0.02994   0.04232  0.001704   0.07396       174       640      0.86    0.7995    0.8398    0.3672   0.04904     0.179   0.01402
     5/199     9.91G   0.02935   0.04227  0.001498   0.07312       164       640    0.9478    0.9035    0.9395     0.463   0.04378    0.1853  0.009792
     6/199     9.91G   0.02885   0.04203    0.0015   0.07238       188       640    0.9245    0.9215    0.9401    0.4368   0.04277    0.1885   0.01019
     7/199     9.91G   0.02824   0.04117  0.001478   0.07089       186       640    0.9391    0.9273    0.9465     0.479    0.0418    0.1944  0.008094
     8/199     9.91G   0.02816   0.04199  0.001268   0.07142       183       640    0.9595    0.9216    0.9624    0.5155   0.04058    0.2028  0.006552
     9/199     9.91G   0.02801   0.04237  0.001573   0.07195       199       640    0.4922    0.2613    0.2329   0.07376   0.07848    0.2139    0.0459
    10/199     9.91G   0.02818   0.04153  0.001328   0.07104       190       640    0.8562    0.8466    0.8632     0.397   0.04421    0.2272  0.006144
    11/199     9.91G   0.02778   0.04149  0.001232    0.0705       201       640    0.9323    0.9172    0.9457    0.4628   0.04159    0.2179   0.00565
    12/199     9.91G   0.02811   0.04143  0.001537   0.07108       169       640    0.9515    0.9407    0.9667    0.5094   0.03855    0.2032  0.001415
    13/199     9.91G   0.02792   0.04163  0.001267   0.07082       191       640     0.909    0.8096    0.8616    0.3988   0.04529    0.2203  0.005445
    14/199     9.91G   0.02846   0.04184  0.001281   0.07158       202       640    0.9265    0.8816    0.9296    0.4621   0.04003    0.2124  0.003143
    15/199     9.91G   0.02861   0.04326  0.001474   0.07335       176       640    0.8762    0.8321    0.8905    0.4272   0.04251    0.2218  0.009058
    16/199     9.91G   0.02886   0.04324  0.001535   0.07364       164       640    0.9177    0.8993    0.9304    0.4603   0.03889    0.2237  0.001567
    17/199     9.91G   0.02866   0.04192  0.001324    0.0719       190       640    0.9637    0.8965     0.946    0.5357    0.0367    0.2284  0.002023
    18/199     9.91G   0.02797   0.04304  0.001276   0.07228       195       640    0.9485    0.9359     0.958    0.5154   0.03664    0.2229  0.003045
    19/199     9.91G   0.02782   0.04161  0.001041   0.07048       210       640    0.9573    0.9446    0.9681    0.5437   0.03482    0.2287  0.002259
    20/199     9.91G   0.02764   0.04161  0.001088   0.07034       171       640    0.9229    0.9335    0.9529    0.5377   0.03535    0.2338  0.002464
    21/199     9.91G   0.02748    0.0412  0.001119   0.06979       172       640    0.9547    0.9092    0.9553    0.5197   0.03558    0.2261  0.002762
    22/199     9.91G    0.0277   0.04224  0.001197   0.07114       203       640    0.9516    0.9389    0.9636    0.5608   0.03444    0.2313  0.002394
    23/199     9.91G   0.02751    0.0419 0.0009855    0.0704       178       640    0.9507    0.9429     0.961    0.5497   0.03371      0.23  0.001561
    24/199     9.91G   0.02724   0.04101  0.001061   0.06932       217       640    0.9387    0.8679    0.9242    0.4754   0.03905    0.2296  0.003252
    25/199     9.91G   0.02737   0.04124  0.001087    0.0697       151       640    0.9625     0.944    0.9776    0.5682   0.03383    0.2332  0.002014
    26/199     9.91G   0.02713   0.04034  0.001012   0.06847       171       640    0.9576    0.9133     0.957    0.5315   0.03476    0.2458  0.002295
    27/199     9.91G   0.02716   0.04025  0.001089   0.06849       147       640    0.9517    0.9179    0.9602    0.5364   0.03497    0.2426  0.002451
    28/199     9.91G   0.02702   0.04046 0.0009828   0.06845       152       640    0.9619     0.949    0.9738    0.5839   0.03267    0.2459  0.002188
    29/199     9.91G   0.02696   0.04107  0.001028   0.06906       150       640    0.9651    0.9447    0.9712    0.5756   0.03303    0.2319   0.00123
    30/199     9.91G   0.02682   0.04036 0.0009714   0.06815       183       640    0.9433    0.9028    0.9454    0.5165   0.03607    0.2406  0.002412
    31/199     9.91G    0.0269   0.04165  0.001011   0.06955       173       640    0.9603    0.9487     0.976    0.5737   0.03258    0.2359  0.001758
    32/199     9.91G   0.02702   0.04068  0.001019   0.06872       165       640    0.9552    0.9568    0.9793    0.5945    0.0315    0.2452   0.00158
    33/199     9.91G   0.02687   0.04111  0.001178   0.06916       191       640    0.9127    0.8212    0.8978    0.4765   0.03894    0.2513   0.00668
    34/199     9.91G   0.02672    0.0412  0.001112   0.06903       192       640    0.9003    0.8458    0.8954    0.4516   0.03995    0.2562  0.005007
    35/199     9.91G   0.02667   0.04005  0.001006   0.06773       151       640    0.9652    0.9359    0.9641    0.5615   0.03359    0.2425  0.001526
    36/199     9.91G   0.02674   0.04089  0.001105   0.06873       207       640    0.9731    0.9437    0.9765    0.5879   0.03199      0.26  0.001787
    37/199     9.91G   0.02653   0.04001 0.0009181   0.06746       207       640    0.9555    0.9487    0.9777    0.5746   0.03252     0.252  0.002035
    38/199     9.91G   0.02617    0.0399 0.0009244     0.067       193       640    0.9646    0.9622    0.9832    0.5936   0.03156    0.2502  0.001297
    39/199     9.91G   0.02639   0.04014 0.0008926   0.06742       164       640    0.9635    0.9356    0.9671    0.5868   0.03205    0.2529  0.001598
    40/199     9.91G   0.02637   0.04051 0.0009483   0.06782       219       640    0.9575    0.9563    0.9729    0.5868   0.03165    0.2586  0.001459
    41/199     9.91G   0.02639   0.04008 0.0008612   0.06732       171       640    0.9621    0.9339    0.9653    0.5694   0.03336    0.2547  0.001869
    42/199     9.91G   0.02627   0.04079  0.001046   0.06811       174       640    0.9747    0.9538    0.9798    0.5939   0.03126     0.248  0.002261
    43/199     9.91G    0.0261   0.03973 0.0008595   0.06668       175       640     0.972    0.9525    0.9793    0.5994   0.03066    0.2538  0.001343
    44/199     9.91G   0.02622   0.03995 0.0009196   0.06709       162       640    0.9571    0.9612    0.9777    0.5965    0.0314    0.2451  0.001782
    45/199     9.91G   0.02606   0.04025 0.0009738   0.06729       194       640    0.9514    0.9479    0.9725    0.5765   0.03243    0.2554  0.001762
    46/199     9.91G   0.02583   0.03884 0.0008583   0.06553       181       640    0.7896    0.6063    0.6561    0.3073   0.05134    0.2606    0.0179
    47/199     9.91G   0.02558   0.03918  0.000793   0.06555       169       640    0.9727    0.9618    0.9844    0.6028   0.03104    0.2601  0.001485
    48/199     9.91G   0.02581    0.0396 0.0009057   0.06631       206       640    0.9639    0.9421    0.9734    0.5749   0.03296    0.2509   0.00202
    49/199     9.91G   0.02609      0.04  0.001028   0.06712       156       640    0.9497    0.9601     0.973     0.579   0.03186    0.2545  0.001854
    50/199     9.91G   0.02561    0.0393 0.0008237   0.06573       156       640    0.9639    0.9582    0.9784    0.6005   0.03098    0.2542  0.001904
    51/199     9.91G   0.02564   0.04037 0.0009647   0.06697       170       640    0.9708    0.9638    0.9817    0.6001   0.03086    0.2567  0.001469
    52/199     9.91G   0.02574   0.04067 0.0009166   0.06733       148       640    0.9688    0.9657    0.9841    0.6051   0.03031    0.2665  0.001372
    53/199     9.91G   0.02536   0.03944 0.0007519   0.06555       187       640    0.9626    0.9629    0.9797    0.6106   0.03018    0.2565  0.001403
    54/199     9.91G   0.02552   0.03775 0.0009794   0.06425       177       640    0.9635    0.9599    0.9799    0.5833    0.0318     0.261  0.001402
    55/199     9.91G   0.02545   0.03953 0.0009007   0.06588       182       640    0.9646    0.9654    0.9794    0.6114   0.03017      0.26   0.00166
    56/199     9.91G   0.02548   0.03938  0.000833   0.06569       159       640    0.9594    0.9596    0.9798    0.6014   0.03032    0.2578  0.001126
    57/199     9.91G    0.0252   0.04009 0.0008578   0.06615       219       640      0.96    0.9615    0.9791    0.5995   0.03058    0.2587  0.001776
    58/199     9.91G   0.02513   0.03872 0.0008664   0.06472       135       640    0.9732    0.9593    0.9804    0.6002   0.03067    0.2633  0.001302
    59/199     9.91G    0.0251   0.03887 0.0008046   0.06477       185       640    0.9672    0.9648    0.9834    0.6017   0.03065     0.267  0.001879
    60/199     9.91G   0.02537   0.03933 0.0008366   0.06554       188       640    0.9684    0.9675    0.9835     0.619   0.02969    0.2583  0.001504
    61/199     9.91G   0.02538   0.03987  0.001044   0.06629       186       640    0.9673    0.9655    0.9797    0.6179   0.02995    0.2608   0.00192
    62/199     9.91G   0.02494   0.03944 0.0008581   0.06524       165       640    0.9649    0.9667    0.9837    0.6054   0.03042    0.2628  0.001828
    63/199     9.91G   0.02502   0.03963 0.0009006   0.06555       174       640    0.9762    0.9646    0.9845    0.6232   0.02938    0.2641  0.001255
    64/199     9.91G   0.02513   0.03906 0.0008295   0.06502       158       640    0.9656    0.9662    0.9819    0.5939   0.03114    0.2677    0.0012
    65/199     9.91G    0.0249   0.03841 0.0009039   0.06421       164       640     0.965    0.9589    0.9791    0.6121   0.03017    0.2667  0.001439
    66/199     9.91G   0.02483   0.03845 0.0007976   0.06407       176       640    0.9699    0.9642    0.9819    0.6105      0.03    0.2696  0.001272
    67/199     9.91G   0.02484   0.03828 0.0007914   0.06391       159       640    0.9662    0.9603    0.9783    0.6079   0.03049    0.2626   0.00198
    68/199     9.91G   0.02459   0.03887 0.0007057   0.06417       218       640    0.9691    0.9567    0.9809    0.6086    0.0302    0.2695  0.001551
    69/199     9.91G   0.02455   0.03876 0.0007874    0.0641       206       640    0.9673     0.976    0.9854    0.6296   0.02907    0.2665  0.001487
    70/199     9.91G   0.02456   0.03806 0.0007206   0.06333       177       640    0.9664    0.9635    0.9817    0.6215   0.02963     0.261  0.001483
    71/199     9.91G   0.02463   0.03888 0.0008397   0.06435       181       640    0.9671    0.9598    0.9811    0.6251   0.02923    0.2673  0.001254
    72/199     9.91G   0.02451   0.03848 0.0007664   0.06376       196       640    0.9756    0.9626    0.9841    0.6338   0.02857    0.2743  0.001241
    73/199     9.91G   0.02422   0.03797 0.0007582   0.06295       171       640    0.9683    0.9634    0.9878    0.6177   0.02984    0.2621  0.001346
    74/199     9.91G    0.0244   0.03811 0.0007757   0.06328       182       640    0.9723    0.9711    0.9843    0.6335   0.02906    0.2693  0.001275
    75/199     9.91G   0.02447   0.03883 0.0008958    0.0642       151       640    0.9712    0.9682    0.9865    0.6388   0.02857    0.2602  0.001115
    76/199     9.91G   0.02442   0.03846 0.0007798   0.06366       151       640    0.9618    0.9645    0.9831      0.62   0.02964    0.2746  0.001524
    77/199     9.91G   0.02444   0.03879 0.0007715     0.064       167       640    0.9658    0.9782    0.9876    0.6348   0.02841    0.2655  0.001294
    78/199     9.91G   0.02438   0.03853 0.0007341   0.06364       195       640    0.9652    0.9625     0.984    0.6231   0.02937     0.274  0.001177
    79/199     9.91G   0.02387   0.03737 0.0007022   0.06195       190       640    0.9726    0.9772    0.9878    0.6408   0.02837    0.2754  0.001553
    80/199     9.91G   0.02387   0.03749 0.0006731   0.06203       157       640    0.9809    0.9671    0.9895    0.6433   0.02824    0.2681  0.001467
    81/199     9.91G    0.0239   0.03741 0.0006818   0.06199       202       640    0.9568    0.9659    0.9769    0.6138   0.03003    0.2657  0.001531
    82/199     9.91G    0.0238   0.03758 0.0006453   0.06203       142       640     0.974    0.9701    0.9864    0.6405   0.02816    0.2729  0.001086
    83/199     9.91G   0.02401   0.03748 0.0006975   0.06219       163       640    0.9696    0.9547    0.9779     0.601   0.03055    0.2684  0.001532
    84/199     9.91G    0.0239   0.03732 0.0007516   0.06198       158       640    0.9779    0.9685     0.987    0.6399   0.02847    0.2768  0.001392
    85/199     9.91G   0.02364   0.03715 0.0007098   0.06149       161       640    0.9764    0.9678    0.9863    0.6444   0.02838    0.2704  0.001149
    86/199     9.91G   0.02388   0.03776 0.0007047   0.06235       187       640    0.9605    0.9725    0.9842    0.6185   0.02957    0.2709   0.00128
    87/199     9.91G   0.02389   0.03763 0.0007659   0.06229       174       640    0.9736     0.977    0.9897    0.6468   0.02789    0.2728  0.001255
    88/199     9.91G   0.02343   0.03697 0.0007384   0.06114       167       640    0.9747    0.9722    0.9866    0.6477   0.02827    0.2704  0.001346
    89/199     9.91G   0.02355    0.0371 0.0007445   0.06139       155       640    0.9691    0.9706    0.9823    0.6376   0.02863    0.2738  0.001288
    90/199     9.91G   0.02349   0.03756 0.0006868   0.06173       149       640    0.9773      0.97    0.9877    0.6458   0.02818    0.2727  0.001343
    91/199     9.91G   0.02322   0.03738 0.0006782   0.06129       218       640    0.9653    0.9805    0.9852    0.6514   0.02814    0.2747  0.001281
    92/199     9.91G   0.02334   0.03796 0.0007178   0.06201       193       640    0.9757    0.9731    0.9844    0.6333   0.02903    0.2716  0.001241
    93/199     9.91G   0.02341   0.03722 0.0006779   0.06131       196       640    0.9749    0.9714    0.9854    0.6304   0.02904    0.2685   0.00125
    94/199     9.91G   0.02335   0.03695  0.000645   0.06095       219       640    0.9684    0.9762    0.9839    0.6555   0.02769    0.2691  0.001214
    95/199     9.91G   0.02316   0.03713 0.0007659   0.06106       203       640    0.9689    0.9742    0.9856    0.6459   0.02815    0.2762  0.001149
    96/199     9.91G   0.02304   0.03675 0.0005947   0.06038       174       640    0.9728    0.9778    0.9911    0.6638   0.02704    0.2789 0.0009237
    97/199     9.91G   0.02307   0.03739 0.0007942   0.06125       192       640    0.9727    0.9778    0.9873    0.6589   0.02725    0.2723  0.001132
    98/199     9.91G     0.023   0.03712 0.0007423   0.06086       169       640    0.9763     0.977    0.9859     0.667   0.02693    0.2768  0.001194
    99/199     9.91G   0.02274   0.03627 0.0006626   0.05967       142       640    0.9738    0.9771    0.9859    0.6636   0.02708    0.2794  0.001268
   100/199     9.91G    0.0225   0.03611 0.0005557   0.05916       162       640    0.9738    0.9747    0.9849    0.6524   0.02745    0.2784  0.001264
   101/199     9.91G   0.02275   0.03601 0.0006671   0.05943       172       640    0.9738    0.9839    0.9859    0.6593    0.0273     0.278   0.00145
   102/199     9.91G   0.02253   0.03602 0.0005362   0.05909       171       640    0.9756    0.9744    0.9855    0.6623     0.027    0.2805  0.001293
   103/199     9.91G   0.02272   0.03683 0.0006449    0.0602       185       640    0.9743    0.9699     0.985    0.6468   0.02813    0.2812  0.001364
   104/199     9.91G   0.02261   0.03688  0.000705    0.0602       206       640    0.9742    0.9725    0.9841    0.6503   0.02777    0.2775  0.001382
   105/199     9.91G   0.02257   0.03612 0.0007327   0.05942       190       640    0.9789    0.9776    0.9922    0.6654    0.0269    0.2751  0.001511
   106/199     9.91G   0.02265   0.03612 0.0006851   0.05945       156       640    0.9705    0.9758    0.9859    0.6578   0.02747    0.2767  0.001655
   107/199     9.91G   0.02238   0.03677 0.0007033   0.05986       151       640    0.9755    0.9724    0.9874    0.6703   0.02662    0.2792  0.001568
   108/199     9.91G   0.02224   0.03671 0.0007039   0.05966       135       640    0.9797    0.9767    0.9885    0.6714   0.02673    0.2774  0.001649
   109/199     9.91G   0.02219   0.03713  0.000668   0.05999       175       640    0.9742    0.9745    0.9857    0.6602   0.02722    0.2791  0.001621
   110/199     9.91G    0.0223   0.03651 0.0006885   0.05949       178       640    0.9725    0.9754    0.9857    0.6673   0.02688    0.2772  0.001485
   111/199     9.91G   0.02216   0.03628 0.0006541    0.0591       151       640    0.9702    0.9758     0.985    0.6624   0.02716    0.2827   0.00161
   112/199     9.91G   0.02214   0.03663 0.0006636   0.05943       168       640    0.9749    0.9725    0.9864    0.6584   0.02724    0.2824  0.001665
   113/199     9.91G   0.02226   0.03656 0.0006207   0.05944       148       640    0.9761    0.9745    0.9867     0.669   0.02658    0.2841  0.001604
   114/199     9.91G    0.0221   0.03674 0.0006381   0.05948       206       640    0.9683    0.9824    0.9869     0.674   0.02642    0.2849  0.001471
   115/199     9.91G   0.02197   0.03633 0.0005996    0.0589       181       640    0.9789    0.9779    0.9889    0.6794   0.02628    0.2852  0.001421
   116/199     9.91G   0.02181   0.03553 0.0005653    0.0579       178       640    0.9742    0.9766    0.9888    0.6763    0.0264    0.2842  0.001464
   117/199     9.91G   0.02181   0.03527 0.0006053   0.05768       189       640    0.9682    0.9806    0.9867    0.6745   0.02642    0.2849  0.001525
   118/199     9.91G   0.02161   0.03561 0.0005596   0.05778       171       640    0.9752     0.977     0.987    0.6769   0.02623    0.2826  0.001457
   119/199     9.91G   0.02168    0.0356 0.0005416   0.05781       177       640    0.9768    0.9763    0.9887    0.6747   0.02642     0.285  0.001409
   120/199     9.91G   0.02169   0.03665 0.0006753   0.05902       200       640    0.9734    0.9774    0.9861    0.6743   0.02632    0.2835  0.001427
   121/199     9.91G    0.0216   0.03589 0.0006337   0.05812       151       640    0.9775    0.9745    0.9869    0.6747   0.02627    0.2867   0.00148
   122/199     9.91G   0.02161   0.03582 0.0005203   0.05795       150       640    0.9779    0.9773    0.9873    0.6711   0.02653    0.2872  0.001516
   123/199     9.91G   0.02115   0.03555 0.0005969   0.05731       166       640    0.9775    0.9805    0.9888    0.6817   0.02602    0.2883  0.001432
   124/199     9.91G   0.02157   0.03606 0.0005819   0.05821       185       640    0.9734    0.9825    0.9895    0.6765   0.02626    0.2887  0.001409
   125/199     9.91G   0.02109   0.03485 0.0005655    0.0565       169       640    0.9759    0.9789    0.9879     0.677    0.0262    0.2877  0.001504
   126/199     9.91G   0.02095    0.0348 0.0005405   0.05629       165       640    0.9776    0.9822    0.9882    0.6819   0.02603    0.2869  0.001508
   127/199     9.91G   0.02117   0.03491 0.0005446   0.05663       143       640    0.9825    0.9811    0.9901    0.6824   0.02615    0.2852  0.001553
   128/199     9.91G   0.02091   0.03481 0.0004863    0.0562       224       640    0.9799    0.9779     0.987    0.6711   0.02676    0.2851  0.001573
   129/199     9.91G   0.02106   0.03495  0.000511   0.05652       184       640    0.9812    0.9781    0.9887    0.6818   0.02623    0.2863   0.00169
   130/199     9.91G   0.02107   0.03516 0.0005977   0.05682       169       640     0.977    0.9771    0.9887    0.6816    0.0263    0.2857  0.001685
   131/199     9.91G   0.02109   0.03558 0.0006262    0.0573       174       640    0.9764    0.9775    0.9868    0.6849   0.02602    0.2857  0.001552
   132/199     9.91G   0.02091    0.0353 0.0005682   0.05678       131       640    0.9755    0.9777    0.9891    0.6838   0.02617    0.2872  0.001486
   133/199     9.91G   0.02091   0.03468 0.0005775   0.05617       177       640    0.9766    0.9785    0.9877    0.6864   0.02604    0.2873  0.001412
   134/199     9.91G   0.02073   0.03516 0.0005871   0.05648       129       640     0.973     0.976    0.9857     0.692   0.02554    0.2903  0.001429
   135/199     9.91G   0.02068   0.03516 0.0005806   0.05643       170       640     0.971    0.9797    0.9875    0.6923   0.02556    0.2893  0.001456
   136/199     9.91G    0.0208   0.03459 0.0005483   0.05594       137       640    0.9802    0.9774    0.9894    0.6861   0.02572    0.2912  0.001545
   137/199     9.91G   0.02037   0.03456 0.0005369   0.05547       168       640    0.9807    0.9773     0.992    0.6857   0.02579    0.2904  0.001596
   138/199     9.91G    0.0203   0.03471 0.0005054   0.05551       193       640    0.9817     0.978    0.9913    0.6922   0.02552    0.2911  0.001612
   139/199     9.91G   0.02013   0.03369 0.0005207   0.05434       161       640    0.9806    0.9761    0.9894     0.691   0.02559    0.2891  0.001565
   140/199     9.91G    0.0203   0.03445  0.000566   0.05532       220       640    0.9821    0.9774    0.9898     0.692   0.02548    0.2887  0.001642
   141/199     9.91G   0.02026   0.03444 0.0004985    0.0552       196       640    0.9809     0.975    0.9886    0.6914   0.02546    0.2901  0.001656
   142/199     9.91G   0.02039   0.03486 0.0006721   0.05593       174       640    0.9803    0.9779    0.9896    0.6939   0.02542    0.2921  0.001622
   143/199     9.91G   0.02009   0.03422 0.0005093   0.05481       217       640    0.9791    0.9764    0.9894     0.691   0.02539    0.2933   0.00154
   144/199     9.91G   0.02034   0.03489 0.0005821   0.05581       180       640    0.9779    0.9794    0.9894    0.6949   0.02526    0.2947  0.001522
   145/199     9.91G   0.02018   0.03407 0.0005897   0.05484       156       640    0.9801    0.9761    0.9893    0.6936   0.02526    0.2958   0.00147
   146/199     9.91G      0.02   0.03345  0.000483   0.05394       191       640    0.9782    0.9781    0.9893    0.6945   0.02514    0.2967  0.001466
   147/199     9.91G    0.0199   0.03429  0.000567   0.05476       174       640    0.9791    0.9791    0.9918    0.6963   0.02509     0.296  0.001427
   148/199     9.91G   0.02005    0.0342 0.0004935   0.05474       137       640    0.9821    0.9764    0.9924    0.6974   0.02518    0.2967  0.001424
   149/199     9.91G   0.01969   0.03329 0.0005142    0.0535       177       640    0.9814    0.9738    0.9903    0.6961   0.02521    0.2969  0.001399
   150/199     9.91G      0.02   0.03366 0.0004914   0.05415       202       640    0.9793    0.9759    0.9906    0.6975   0.02528    0.2984  0.001447
   151/199     9.91G   0.01974   0.03476 0.0005476   0.05505       195       640    0.9755    0.9792      0.99    0.6991   0.02513    0.2993  0.001456
   152/199     9.91G   0.01987   0.03414 0.0005899    0.0546       163       640    0.9794    0.9758    0.9905    0.7004   0.02507    0.3005  0.001447
   153/199     9.91G   0.01964   0.03299 0.0004986   0.05313       145       640    0.9767     0.979    0.9912    0.6985   0.02507    0.3022  0.001482
   154/199     9.91G   0.01952   0.03442 0.0005056   0.05444       197       640    0.9771    0.9795    0.9897    0.6979   0.02509    0.3016    0.0015
   155/199     9.91G   0.01946   0.03291 0.0005112   0.05287       178       640    0.9801    0.9763    0.9898    0.6998   0.02486    0.3004  0.001523
   156/199     9.91G   0.01927   0.03328 0.0004764   0.05303       201       640    0.9796    0.9775    0.9905    0.6992   0.02491    0.3004  0.001554
   157/199     9.91G   0.01943   0.03375 0.0004598   0.05364       186       640    0.9742    0.9816     0.991    0.6992   0.02492    0.3005  0.001572
   158/199     9.91G   0.01953   0.03374 0.0006352   0.05391       177       640    0.9801    0.9786    0.9915    0.7003   0.02488    0.3012  0.001572
   159/199     9.91G    0.0194   0.03352 0.0005388   0.05346       152       640    0.9808    0.9801    0.9926    0.7034    0.0248    0.3025  0.001576
   160/199     9.91G   0.01915   0.03268 0.0004739    0.0523       162       640    0.9816    0.9774    0.9916    0.7043   0.02475    0.3037   0.00159
   161/199     9.91G   0.01937   0.03373 0.0004843   0.05359       177       640    0.9776    0.9815    0.9911    0.7025   0.02485    0.3046  0.001578
   162/199     9.91G   0.01911    0.0335 0.0004753   0.05308       158       640    0.9784     0.981    0.9908    0.7014   0.02485    0.3057  0.001527
   163/199     9.91G   0.01925   0.03347 0.0005014   0.05322       163       640    0.9791    0.9812    0.9917    0.7053   0.02467    0.3061  0.001489
   164/199     9.91G   0.01914   0.03377 0.0005458   0.05345       206       640     0.977    0.9833    0.9924    0.7024   0.02478    0.3069  0.001498
   165/199     9.91G   0.01896   0.03328 0.0005481   0.05279       224       640    0.9764    0.9824    0.9918    0.7056   0.02474    0.3075  0.001499
   166/199     9.91G   0.01913   0.03341 0.0004562   0.05299       164       640    0.9845    0.9745    0.9923    0.7054   0.02467    0.3074  0.001444
   167/199     9.91G   0.01882   0.03316 0.0005336   0.05252       188       640    0.9832    0.9763    0.9926    0.7058   0.02459    0.3072  0.001399
   168/199     9.91G   0.01875   0.03311 0.0004614   0.05232       162       640    0.9777    0.9825    0.9933    0.7078   0.02456    0.3073  0.001385
   169/199     9.91G   0.01889   0.03303 0.0004612   0.05238       205       640    0.9832    0.9759    0.9926    0.7085   0.02454    0.3077  0.001383
   170/199     9.91G   0.01891   0.03342 0.0004889   0.05281       203       640    0.9766     0.983    0.9924    0.7091   0.02451    0.3079  0.001369
   171/199     9.91G   0.01889   0.03289 0.0004867   0.05227       193       640    0.9853    0.9747    0.9921     0.707   0.02449    0.3079  0.001362
   172/199     9.91G   0.01866    0.0329 0.0004847   0.05205       186       640    0.9844    0.9751    0.9926    0.7078    0.0245    0.3082   0.00136
   173/199     9.91G   0.01873   0.03325 0.0004753   0.05246       174       640    0.9821     0.978    0.9927    0.7087   0.02448    0.3084  0.001361
   174/199     9.91G   0.01868   0.03324 0.0004612   0.05237       190       640     0.982    0.9766    0.9917    0.7074   0.02452    0.3083   0.00136
   175/199     9.91G    0.0186   0.03271 0.0004699   0.05178       171       640    0.9819    0.9775    0.9918    0.7097   0.02448    0.3086  0.001359
   176/199     9.91G   0.01857   0.03247 0.0004005   0.05144       188       640    0.9809    0.9784    0.9919    0.7094   0.02446    0.3091   0.00136
   177/199     9.91G   0.01837   0.03183 0.0004452   0.05064       172       640    0.9802    0.9791    0.9918    0.7095   0.02445    0.3094  0.001361
   178/199     9.91G   0.01836   0.03243 0.0003906   0.05118       171       640    0.9815    0.9778    0.9917    0.7099   0.02441    0.3097  0.001354
   179/199     9.91G   0.01856   0.03324 0.0004906   0.05229       196       640    0.9844    0.9755    0.9917    0.7102   0.02437    0.3099  0.001343
   180/199     9.91G   0.01861   0.03221 0.0004716   0.05129       158       640    0.9847    0.9748    0.9919    0.7101   0.02436    0.3101   0.00134
   181/199     9.91G   0.01842   0.03267 0.0004846   0.05157       188       640    0.9837     0.976    0.9919    0.7101   0.02436    0.3101   0.00134
   182/199     9.91G   0.01852   0.03265 0.0004335    0.0516       194       640     0.983    0.9767    0.9919      0.71   0.02438    0.3101  0.001343
   183/199     9.91G   0.01822   0.03257 0.0004025   0.05119       193       640    0.9852    0.9747    0.9922    0.7099   0.02437    0.3104  0.001339
   184/199     9.91G   0.01829   0.03238  0.000476   0.05115       169       640    0.9844    0.9772     0.993      0.71   0.02436    0.3107  0.001336
   185/199     9.91G   0.01822   0.03225 0.0004431   0.05091       217       640    0.9845    0.9761    0.9919    0.7103   0.02434    0.3108  0.001335
   186/199     9.91G   0.01831   0.03276 0.0004796   0.05155       137       640    0.9851    0.9766    0.9926    0.7109   0.02434    0.3107  0.001333
   187/199     9.91G   0.01825   0.03246 0.0004499   0.05116       152       640    0.9841    0.9774    0.9927    0.7111   0.02435    0.3105  0.001334
   188/199     9.91G   0.01845   0.03222 0.0005107   0.05118       154       640    0.9851    0.9767    0.9927    0.7103   0.02434    0.3108   0.00134
   189/199     9.91G   0.01843   0.03296 0.0005006   0.05189       155       640    0.9856    0.9773    0.9931    0.7107   0.02434    0.3109  0.001347
   190/199     9.91G   0.01793   0.03113 0.0003833   0.04945       210       640    0.9856    0.9774    0.9934    0.7112   0.02434    0.3112  0.001351
   191/199     9.91G   0.01826   0.03324 0.0004712   0.05196       191       640    0.9851    0.9768    0.9926    0.7107   0.02435    0.3114  0.001354
   192/199     9.91G   0.01838   0.03226 0.0004285   0.05106       182       640    0.9855    0.9773    0.9931    0.7117   0.02436    0.3115   0.00136
   193/199     9.91G   0.01827   0.03247 0.0004371   0.05117       177       640     0.985    0.9768    0.9926    0.7105   0.02438    0.3115  0.001362
   194/199     9.91G   0.01815   0.03269 0.0004426   0.05128       172       640    0.9858    0.9772    0.9932    0.7103   0.02437    0.3115  0.001362
   195/199     9.91G   0.01833     0.032 0.0004238   0.05075       140       640     0.985    0.9768    0.9926    0.7114   0.02436    0.3118  0.001365
   196/199     9.91G   0.01797    0.0309 0.0004486   0.04931       183       640    0.9852    0.9768    0.9921    0.7109   0.02436    0.3122  0.001369
   197/199     9.91G   0.01807   0.03223 0.0004762   0.05077       169       640    0.9835    0.9779    0.9929    0.7118   0.02436    0.3122  0.001372
   198/199     9.91G   0.01828   0.03258 0.0005237   0.05139       183       640    0.9852     0.977     0.993    0.7114   0.02434    0.3122  0.001376
   199/199     9.91G   0.01797   0.03166  0.000378   0.05001       193       640    0.9853    0.9767    0.9929    0.7117   0.02435    0.3124  0.001379
