     0/199     9.74G   0.05223   0.05898  0.003594    0.1148       187       640   0.02228   0.07694  0.001191  0.000193    0.1088    0.1709    0.1445
     1/199     9.74G   0.04475   0.05114  0.001776   0.09767       210       640    0.7481    0.5368    0.5778    0.2111   0.06227    0.1567  0.009113
     2/199     9.74G   0.04092   0.04753  0.001384   0.08984       138       640    0.7968    0.6254    0.6907    0.2654   0.05655    0.1751  0.006491
     3/199     9.74G   0.03791   0.04616  0.001194   0.08527       168       640    0.7247    0.5045    0.5527     0.204   0.05991    0.1773   0.02063
     4/199     9.74G   0.03548   0.04469  0.001149   0.08132       192       640    0.8831    0.7135    0.7753    0.3267   0.05009    0.1637  0.006421
     5/199     9.74G   0.03462   0.04393  0.001007   0.07955       204       640    0.8504    0.7339    0.8244    0.3734   0.04682    0.2003  0.005755
     6/199     9.74G   0.03295   0.04308  0.001065    0.0771       189       640    0.8163    0.6812     0.745    0.3378   0.05117    0.1802  0.008136
     7/199     9.74G   0.03227   0.04146 0.0009276   0.07465       176       640    0.9267    0.8841    0.9413    0.5014   0.03664    0.2037  0.001048
     8/199     9.74G   0.03145   0.04163 0.0008732   0.07396       197       640    0.9193    0.8509    0.9097    0.4786   0.03922    0.2081  0.001894
     9/199     9.74G   0.03105   0.04164   0.00086   0.07355       203       640    0.8259    0.6631     0.729    0.3187   0.04921    0.2231  0.004628
    10/199     9.74G   0.03085   0.04216 0.0009954     0.074       150       640    0.8629     0.707    0.7721    0.3332   0.04924    0.2351  0.005534
    11/199     9.74G   0.03032    0.0401 0.0009077   0.07133       128       640    0.9252    0.8465    0.9049    0.4619   0.04045    0.2129  0.003119
    12/199     9.74G   0.03036     0.041 0.0009522   0.07231       212       640    0.9308    0.8784     0.922    0.4874   0.03852     0.218  0.002143
    13/199     9.74G   0.03022   0.04042 0.0009688   0.07161       133       640    0.9504    0.9099    0.9556    0.5331   0.03522    0.2399  0.001167
    14/199     9.74G    0.0303   0.04143 0.0009282   0.07266       185       640     0.919    0.8892    0.9389    0.5071   0.03661    0.2426  0.001833
    15/199     9.74G   0.03095   0.04136   0.00105   0.07336       197       640    0.9074    0.8242    0.8853    0.4283   0.04198    0.2427  0.002944
    16/199     9.74G   0.03075   0.04179   0.00114   0.07368       238       640    0.9452    0.8754    0.9326    0.4856   0.03875    0.2267  0.001788
    17/199     9.74G   0.03052   0.04166  0.001043   0.07322       182       640    0.9419    0.9334    0.9555    0.5447   0.03502    0.2324 0.0009624
    18/199     9.74G   0.03023   0.04129 0.0009938   0.07252       167       640    0.8443    0.8441    0.8715    0.4215   0.04273    0.2412  0.003187
    19/199     9.74G   0.02988   0.04038 0.0008915   0.07115       132       640    0.8924    0.7706    0.8402    0.3754   0.04528    0.2265   0.00473
    20/199     9.74G   0.02985   0.04064  0.001008    0.0715       163       640    0.9275    0.8904     0.936    0.4975    0.0372    0.2406  0.002185
    21/199     9.74G   0.02979   0.04052  0.000891    0.0712       169       640    0.9189    0.8861    0.9287    0.5059    0.0368    0.2395  0.002214
    22/199     9.74G   0.02983   0.04093  0.001018   0.07178       214       640    0.9484    0.8804    0.9309    0.4812   0.03857    0.2469  0.001772
    23/199     9.74G   0.02973   0.04121 0.0009333   0.07187       153       640    0.9534    0.9258    0.9607    0.5508   0.03476    0.2467 0.0008877
    24/199     9.74G   0.02929   0.04005  0.000941   0.07028       219       640    0.9619    0.9358    0.9721    0.5749   0.03326    0.2368  0.001087
    25/199     9.74G   0.02932   0.04007 0.0008772   0.07026       170       640    0.9628    0.9448    0.9669    0.5894   0.03219    0.2389 0.0009958
    26/199     9.74G   0.02916   0.04045 0.0009302   0.07054       202       640    0.9445    0.9438    0.9665    0.5768   0.03296    0.2469  0.001291
    27/199     9.74G   0.02931   0.04039  0.001033   0.07074       137       640    0.9372    0.9248     0.954    0.5541    0.0344     0.249  0.001171
    28/199     9.74G   0.02928   0.04103 0.0009434   0.07125       196       640    0.9524     0.953    0.9763     0.575   0.03283    0.2389  0.000796
    29/199     9.74G   0.02928    0.0403 0.0009493   0.07053       180       640    0.9602    0.9344    0.9686    0.5744   0.03307    0.2552  0.001205
    30/199     9.74G   0.02856   0.04013 0.0008384   0.06952       187       640     0.921    0.9071    0.9414    0.5159    0.0371     0.244  0.002089
    31/199     9.74G   0.02886   0.03943 0.0008651   0.06915       131       640    0.9597    0.9324    0.9708    0.5738   0.03312    0.2428 0.0007133
    32/199     9.74G   0.02895   0.04109  0.000865    0.0709       196       640    0.9506    0.9563     0.974    0.5866   0.03263    0.2439 0.0005939
    33/199     9.74G   0.02884   0.03986  0.001033   0.06973       203       640    0.9607    0.9401    0.9737    0.5697   0.03313    0.2556 0.0007747
    34/199     9.74G   0.02879   0.04063 0.0009862   0.07041       169       640    0.9678    0.9496    0.9757    0.5966   0.03181    0.2591 0.0005914
    35/199     9.74G   0.02853   0.03952 0.0008428   0.06889       160       640    0.9651    0.9555    0.9792    0.5905   0.03219    0.2483  0.001089
    36/199     9.74G   0.02854    0.0394 0.0008575   0.06879       161       640    0.9351    0.8783    0.9327    0.5091   0.03761    0.2396  0.002469
    37/199     9.74G   0.02848   0.03975 0.0008126   0.06904       168       640     0.963    0.9522    0.9723    0.6013   0.03203      0.24  0.001021
    38/199     9.74G   0.02818   0.03951 0.0008204   0.06852       159       640    0.9351    0.9409    0.9666    0.5604   0.03457    0.2454  0.001644
    39/199     9.74G   0.02847   0.04057 0.0009246   0.06996       221       640    0.9623    0.9346    0.9751    0.5963   0.03242    0.2524  0.001153
    40/199     9.74G   0.02855   0.04016  0.001082    0.0698       190       640    0.9626    0.9647    0.9812    0.6064   0.03184    0.2303 0.0006527
    41/199     9.74G   0.02817   0.03988 0.0008502    0.0689       143       640    0.9506    0.9246    0.9565    0.5583   0.03461    0.2432 0.0008755
    42/199     9.74G   0.02821   0.03948 0.0008925   0.06859       140       640    0.9752    0.9461    0.9816    0.6209   0.03084    0.2516  0.001129
    43/199     9.74G   0.02787   0.04034 0.0007813   0.06899       196       640    0.9469    0.9465    0.9651    0.5866   0.03286    0.2511   0.00137
    44/199     9.74G   0.02802   0.03989 0.0008491   0.06876       186       640    0.9652    0.9539     0.978    0.5988   0.03235    0.2458  0.001021
    45/199     9.74G   0.02811   0.03982 0.0009022   0.06883       176       640    0.9344    0.8992    0.9461    0.5379   0.03637    0.2461  0.001684
    46/199     9.74G   0.02778   0.03953 0.0008659   0.06818       181       640    0.9583    0.9585    0.9783    0.6043   0.03159    0.2465 0.0008693
    47/199     9.74G   0.02789   0.04008 0.0008481   0.06882       197       640     0.965    0.9123    0.9622    0.5572   0.03493    0.2385  0.001472
    48/199     9.74G     0.028   0.03991 0.0009068   0.06882       151       640    0.9552     0.959    0.9771    0.5864   0.03287    0.2408 0.0009955
    49/199     9.74G   0.02779   0.03983 0.0008816   0.06849       149       640    0.9703    0.9568    0.9828    0.6088   0.03138    0.2564  0.000997
    50/199     9.74G   0.02768    0.0389 0.0009273   0.06751       157       640    0.9614    0.9475    0.9727    0.5939   0.03279    0.2392 0.0009888
    51/199     9.74G   0.02796   0.03871  0.000827    0.0675       189       640    0.9638    0.9676    0.9807    0.6172   0.03094    0.2569 0.0006361
    52/199     9.74G   0.02778   0.04034  0.000918   0.06904       187       640    0.9734    0.9518    0.9828    0.6121   0.03113    0.2581 0.0009344
    53/199     9.74G   0.02759    0.0387 0.0008413   0.06713       165       640    0.9732    0.9352     0.972    0.5997   0.03199    0.2522 0.0009935
    54/199     9.74G   0.02748   0.03899 0.0008017   0.06728       172       640    0.9551    0.9538    0.9755    0.5821   0.03317    0.2515 0.0009687
    55/199     9.74G   0.02778   0.03974 0.0009243   0.06844       195       640    0.9619    0.9603      0.98    0.6102   0.03182    0.2488 0.0006259
    56/199     9.74G   0.02746   0.03874 0.0007465   0.06694       180       640    0.9661    0.9616    0.9808    0.6131   0.03083    0.2566 0.0006483
    57/199     9.74G   0.02757   0.03922 0.0007998   0.06758       142       640     0.973    0.9524    0.9775    0.5968   0.03213    0.2483 0.0006626
    58/199     9.74G   0.02747     0.039 0.0008165   0.06728       204       640     0.974    0.9713     0.987    0.6377   0.03008    0.2607 0.0006431
    59/199     9.74G   0.02731    0.0386 0.0007434   0.06666       174       640    0.9719    0.9534    0.9797    0.6276   0.03024    0.2582 0.0006748
    60/199     9.74G   0.02728   0.03854 0.0007883   0.06661       169       640    0.9659    0.9691    0.9834     0.627   0.03022    0.2677 0.0009528
    61/199     9.74G   0.02733   0.03951 0.0008658   0.06771       192       640    0.9604    0.9489    0.9753    0.6025   0.03186    0.2529 0.0008377
    62/199     9.74G   0.02707    0.0386  0.000744   0.06641       212       640    0.9681     0.957    0.9806    0.6187   0.03124    0.2472 0.0008566
    63/199     9.74G   0.02714   0.03838 0.0008279   0.06635       147       640    0.9735    0.9671    0.9879    0.6212   0.03102    0.2505  0.000697
    64/199     9.74G   0.02693   0.03883 0.0007741   0.06654       178       640    0.9617    0.9603    0.9826    0.6167   0.03132    0.2531  0.000721
    65/199     9.74G   0.02703    0.0388 0.0007429   0.06657       179       640    0.9504     0.939    0.9682    0.5605   0.03454    0.2465 0.0008779
    66/199     9.74G   0.02685   0.03841 0.0007137   0.06598       170       640    0.9685    0.9634    0.9836    0.6367   0.02986    0.2572 0.0007223
    67/199     9.74G   0.02672   0.03836 0.0007597   0.06584       175       640    0.9647     0.965    0.9819    0.6265   0.03041    0.2599  0.001002
    68/199     9.74G   0.02658   0.03833 0.0007937   0.06571       146       640    0.9668    0.9449    0.9776    0.6034   0.03222    0.2594 0.0008379
    69/199     9.74G   0.02647   0.03733  0.000801    0.0646       148       640    0.9753     0.959    0.9855    0.6378   0.02992    0.2575 0.0007077
    70/199     9.74G   0.02671   0.03787  0.000678   0.06526       194       640    0.9639    0.9597    0.9838      0.63   0.03005    0.2636 0.0008747
    71/199     9.74G   0.02658   0.03915 0.0008022   0.06653       181       640    0.9614    0.9687    0.9795    0.6315   0.03005    0.2634 0.0008111
    72/199     9.74G   0.02663   0.03787 0.0009191   0.06542       151       640      0.97    0.9653    0.9835    0.6474   0.02913    0.2616 0.0005462
    73/199     9.74G   0.02648    0.0381 0.0007567   0.06533       181       640    0.9702    0.9591     0.983    0.6393   0.02994    0.2607 0.0004836
    74/199     9.74G   0.02629   0.03878 0.0007857   0.06586       209       640    0.9684    0.9722    0.9855    0.6388   0.02939    0.2606 0.0007796
    75/199     9.74G    0.0266   0.03769  0.000741   0.06503       190       640    0.9531     0.969    0.9844    0.6305   0.03052    0.2639 0.0005555
    76/199     9.74G   0.02636   0.03758 0.0006672   0.06461       168       640    0.9611    0.9643    0.9842    0.6383   0.02987     0.261 0.0004612
    77/199     9.74G   0.02642    0.0378 0.0008188   0.06505       171       640    0.9701    0.9592    0.9815    0.6353    0.0297    0.2658 0.0007371
    78/199     9.74G   0.02622   0.03814 0.0006601   0.06501       182       640    0.9614    0.9663    0.9835    0.6213   0.03086    0.2531   0.00065
    79/199     9.74G   0.02612   0.03907  0.000784   0.06597       202       640    0.9761     0.968     0.987    0.6542   0.02892    0.2573 0.0005546
    80/199     9.74G   0.02595   0.03711 0.0006698   0.06373       209       640    0.9732    0.9651    0.9857     0.634   0.03039    0.2581 0.0007476
    81/199     9.74G   0.02599   0.03775 0.0008015   0.06455       155       640    0.9712     0.975    0.9873    0.6515   0.02893    0.2617 0.0005671
    82/199     9.74G    0.0258   0.03768 0.0006758   0.06415       179       640    0.9699    0.9669    0.9824    0.6428   0.02951    0.2641 0.0006684
    83/199     9.74G   0.02606   0.03813 0.0007761   0.06496       174       640     0.977    0.9697    0.9865    0.6551   0.02882    0.2562 0.0007263
    84/199     9.74G   0.02602   0.03783  0.000827   0.06468       169       640    0.9692    0.9722    0.9862    0.6386   0.02971    0.2605 0.0005904
    85/199     9.74G   0.02583   0.03796 0.0007847   0.06457       195       640    0.9722    0.9741    0.9886    0.6515   0.02925    0.2612 0.0007154
    86/199     9.74G   0.02578    0.0378 0.0007326   0.06431       179       640    0.9714    0.9634    0.9831    0.6246    0.0307    0.2577 0.0007797
    87/199     9.74G   0.02595   0.03734   0.00073   0.06402       208       640    0.9722    0.9754    0.9881    0.6566   0.02863    0.2618 0.0005898
    88/199     9.74G   0.02568   0.03795 0.0007546   0.06439       207       640    0.9751    0.9667    0.9864    0.6441   0.02995    0.2554 0.0005971
    89/199     9.74G   0.02576   0.03759 0.0006948   0.06404       168       640    0.9695    0.9695    0.9835    0.6608   0.02855    0.2583  0.000803
    90/199     9.74G   0.02587   0.03804 0.0007481   0.06466       170       640    0.9742    0.9672    0.9869     0.652   0.02914    0.2613 0.0008174
    91/199     9.74G   0.02554   0.03744 0.0007311   0.06371       174       640    0.9761    0.9719    0.9868    0.6603   0.02846    0.2641 0.0007406
    92/199     9.74G   0.02537   0.03669 0.0007124   0.06277       128       640    0.9716    0.9676    0.9869    0.6454   0.02928    0.2664   0.00082
    93/199     9.74G   0.02537   0.03761 0.0006216   0.06361       177       640    0.9691    0.9711    0.9867    0.6342   0.03021    0.2596 0.0007605
    94/199     9.74G   0.02519   0.03677 0.0006554   0.06261       167       640    0.9773    0.9731    0.9889    0.6639   0.02815    0.2702 0.0005681
    95/199     9.74G   0.02526   0.03743 0.0006633   0.06335       141       640    0.9809    0.9607    0.9882    0.6568   0.02868    0.2647 0.0007217
    96/199     9.74G   0.02504   0.03781 0.0006544   0.06351       141       640    0.9735    0.9732    0.9889    0.6674    0.0277    0.2643  0.000675
    97/199     9.74G   0.02533   0.03699 0.0006355   0.06295       142       640    0.9709    0.9718    0.9871    0.6719   0.02777    0.2672 0.0006595
    98/199     9.74G   0.02496   0.03753 0.0006525   0.06315       191       640    0.9738    0.9742    0.9901    0.6739   0.02756    0.2626 0.0006907
    99/199     9.74G    0.0252   0.03755 0.0006876   0.06343       163       640    0.9713    0.9673    0.9859    0.6457    0.0293    0.2605 0.0007572
   100/199     9.74G   0.02483   0.03669 0.0006743   0.06219       156       640    0.9761    0.9737    0.9906    0.6645   0.02809    0.2659 0.0004992
   101/199     9.74G   0.02491   0.03682 0.0006218   0.06235       122       640    0.9778    0.9758    0.9893    0.6731   0.02769    0.2629 0.0005287
   102/199     9.74G   0.02471   0.03607 0.0006777   0.06146       231       640    0.9738    0.9725    0.9878    0.6704   0.02782    0.2685 0.0006401
   103/199     9.74G   0.02484   0.03644  0.000695   0.06197       177       640    0.9743    0.9756    0.9864    0.6762   0.02744    0.2724 0.0005924
   104/199     9.74G   0.02457   0.03572  0.000611   0.06089       157       640    0.9682    0.9751    0.9857    0.6639   0.02829    0.2668   0.00063
   105/199     9.74G   0.02471   0.03662 0.0007043   0.06203       207       640     0.972    0.9737    0.9857    0.6672   0.02819    0.2676 0.0007083
   106/199     9.74G   0.02434   0.03572 0.0006822   0.06074       168       640    0.9756     0.972    0.9887    0.6751   0.02784    0.2668 0.0007266
   107/199     9.74G   0.02439   0.03648    0.0007   0.06157       198       640    0.9785    0.9761    0.9886    0.6799   0.02732    0.2674 0.0005752
   108/199     9.74G   0.02431   0.03628 0.0006435   0.06124       165       640    0.9727    0.9771    0.9892    0.6733   0.02801     0.268 0.0005753
   109/199     9.74G   0.02417   0.03655 0.0006475   0.06137       205       640    0.9754    0.9796    0.9907    0.6801   0.02741    0.2671 0.0005425
   110/199     9.74G   0.02411   0.03656 0.0005592   0.06122       169       640    0.9739     0.978      0.99    0.6809   0.02737     0.271  0.000615
   111/199     9.74G   0.02429   0.03606 0.0006463   0.06099       149       640    0.9846    0.9687    0.9901    0.6884    0.0268    0.2714 0.0006661
   112/199     9.74G   0.02429   0.03696 0.0006642   0.06191       170       640    0.9716    0.9756    0.9886    0.6823   0.02733    0.2719 0.0007138
   113/199     9.74G   0.02412   0.03598 0.0006396   0.06075       183       640    0.9753    0.9772    0.9902    0.6707   0.02813    0.2707 0.0007022
   114/199     9.74G   0.02416   0.03697 0.0006288   0.06176       171       640    0.9803    0.9735    0.9916    0.6892   0.02701    0.2702 0.0005822
   115/199     9.74G   0.02405   0.03678 0.0006275   0.06146       191       640    0.9792    0.9741    0.9907    0.6786   0.02734    0.2709 0.0005442
   116/199     9.74G   0.02371   0.03564 0.0005998   0.05995       181       640     0.977    0.9813    0.9906     0.687   0.02703    0.2699 0.0005972
   117/199     9.74G   0.02385   0.03598 0.0006442   0.06047       159       640    0.9794    0.9809    0.9901    0.6891   0.02678    0.2714 0.0006893
   118/199     9.74G   0.02385   0.03707 0.0006758   0.06159       198       640    0.9772    0.9701    0.9873    0.6533   0.02911    0.2716 0.0007194
   119/199     9.74G   0.02326   0.03477 0.0005461   0.05857       193       640    0.9751    0.9743    0.9877    0.6793   0.02742    0.2745 0.0006887
   120/199     9.74G   0.02368   0.03621 0.0005648   0.06045       189       640    0.9769    0.9735    0.9883    0.6846   0.02712    0.2725 0.0005385
   121/199     9.74G   0.02343   0.03542 0.0005961   0.05944       179       640    0.9772    0.9803    0.9907    0.6878   0.02687    0.2728 0.0005502
   122/199     9.74G   0.02345   0.03585 0.0005824   0.05988       189       640    0.9773    0.9783    0.9916     0.684   0.02704    0.2737  0.000491
   123/199     9.74G    0.0233   0.03557 0.0006029   0.05947       189       640    0.9805    0.9772    0.9931    0.6899   0.02673    0.2745 0.0005472
   124/199     9.74G   0.02363   0.03598 0.0006723   0.06027       175       640    0.9743    0.9822    0.9912    0.6912   0.02663    0.2764 0.0005604
   125/199     9.74G   0.02305   0.03518 0.0005568   0.05879       183       640    0.9755    0.9844    0.9907     0.686   0.02716    0.2711 0.0005531
   126/199     9.74G   0.02308   0.03514 0.0006056   0.05883       149       640    0.9725    0.9811    0.9884     0.684   0.02719    0.2737 0.0006102
   127/199     9.74G   0.02317   0.03606 0.0006147   0.05985       182       640    0.9754    0.9783    0.9899    0.6806   0.02738     0.274 0.0005856
   128/199     9.74G   0.02295   0.03475 0.0005563   0.05826       196       640    0.9775    0.9759    0.9895    0.6881     0.027    0.2741 0.0005332
   129/199     9.74G   0.02278   0.03528 0.0005234   0.05859       223       640    0.9778    0.9805     0.991    0.6958   0.02649     0.275 0.0005342
   130/199     9.74G   0.02298   0.03573 0.0005789   0.05928       169       640     0.978    0.9794    0.9902     0.688     0.027     0.275 0.0005714
   131/199     9.74G    0.0228   0.03517 0.0005428   0.05851       180       640    0.9799    0.9791     0.991    0.6993   0.02639    0.2752 0.0005375
   132/199     9.74G   0.02291   0.03591 0.0006303   0.05945       174       640    0.9804    0.9762    0.9906    0.6972   0.02655    0.2754 0.0005668
   133/199     9.74G   0.02245   0.03424 0.0005432   0.05724       152       640    0.9739    0.9838    0.9915    0.7021   0.02628    0.2766 0.0006046
   134/199     9.74G    0.0225   0.03481 0.0005034   0.05781       170       640    0.9696    0.9827    0.9901    0.6977   0.02656    0.2773 0.0006194
   135/199     9.74G   0.02242   0.03422 0.0005263   0.05717       171       640    0.9729    0.9822    0.9906    0.6985   0.02646    0.2787 0.0006459
   136/199     9.74G   0.02227   0.03469 0.0005314   0.05749       150       640     0.976    0.9759    0.9897    0.7037   0.02608      0.28 0.0006995
   137/199     9.74G   0.02257   0.03468 0.0005734   0.05782       164       640    0.9767    0.9788    0.9904     0.702   0.02614    0.2798 0.0007451
   138/199     9.74G   0.02209   0.03432 0.0005379   0.05695       167       640    0.9783    0.9748    0.9916    0.6975   0.02652    0.2794 0.0007392
   139/199     9.74G   0.02239   0.03507 0.0005617   0.05802       160       640    0.9758    0.9803    0.9914     0.696    0.0267    0.2816   0.00071
   140/199     9.74G    0.0222   0.03474 0.0005236   0.05746       219       640    0.9867    0.9693    0.9908    0.6876   0.02735    0.2808 0.0007101
   141/199     9.74G   0.02218   0.03503 0.0005288   0.05774       158       640    0.9779    0.9815    0.9898     0.696   0.02665    0.2819  0.000645
   142/199     9.74G   0.02211    0.0345  0.000517   0.05713       171       640    0.9784    0.9814    0.9907    0.6991   0.02655     0.284 0.0007048
   143/199     9.74G   0.02192   0.03456 0.0004901   0.05698       167       640    0.9793    0.9744    0.9898    0.7011   0.02659    0.2848 0.0007059
   144/199     9.74G   0.02207   0.03457 0.0005237   0.05716       199       640    0.9823    0.9747    0.9897     0.703   0.02645    0.2852  0.000683
   145/199     9.74G   0.02192   0.03461 0.0005348   0.05707       160       640    0.9825    0.9719    0.9897    0.7048   0.02636    0.2879 0.0006915
   146/199     9.74G   0.02179   0.03415 0.0004961   0.05643       198       640     0.981    0.9761    0.9898    0.7045   0.02633    0.2871 0.0007201
   147/199     9.74G   0.02176   0.03378  0.000455     0.056       194       640    0.9815    0.9756    0.9913    0.6998   0.02652    0.2864 0.0007413
   148/199     9.74G   0.02172   0.03402  0.000579   0.05631       190       640    0.9816    0.9755    0.9916     0.703   0.02646    0.2859 0.0007049
   149/199     9.74G   0.02166   0.03428 0.0004928   0.05644       132       640     0.981    0.9764    0.9913    0.7008   0.02654    0.2868 0.0007141
   150/199     9.74G   0.02137   0.03409 0.0005111   0.05597       179       640    0.9768    0.9816    0.9911    0.7014    0.0264    0.2865 0.0006569
   151/199     9.74G   0.02152   0.03356 0.0005112   0.05559       162       640    0.9799    0.9756    0.9904    0.6985    0.0265     0.286 0.0006173
   152/199     9.74G   0.02133   0.03337 0.0004582   0.05515       208       640    0.9813    0.9763    0.9904    0.7033   0.02617    0.2871  0.000642
   153/199     9.74G   0.02153   0.03437 0.0005186   0.05642       153       640    0.9779    0.9814    0.9911    0.7069   0.02599    0.2872 0.0007039
   154/199     9.74G   0.02115   0.03331 0.0004971   0.05496       187       640    0.9806    0.9787    0.9918    0.7028   0.02621    0.2864 0.0007555
   155/199     9.74G   0.02135   0.03378 0.0005441   0.05567       193       640    0.9798    0.9795    0.9921    0.7023   0.02619    0.2874  0.000771
   156/199     9.74G   0.02148   0.03383 0.0004885    0.0558       154       640    0.9789    0.9808    0.9926    0.7055   0.02609     0.288 0.0007782
   157/199     9.74G   0.02132    0.0333 0.0004978   0.05512       203       640    0.9801    0.9803    0.9923    0.7046   0.02616    0.2884 0.0007763
   158/199     9.74G   0.02107   0.03364 0.0005196   0.05523       186       640     0.978    0.9796    0.9917    0.7034   0.02614    0.2897 0.0007781
   159/199     9.74G   0.02112   0.03367 0.0005113   0.05531       191       640    0.9867    0.9748    0.9933    0.7048   0.02603    0.2895 0.0007357
   160/199     9.74G   0.02106   0.03346  0.000582   0.05509       192       640    0.9804    0.9812     0.994    0.7065   0.02596    0.2903 0.0007028
   161/199     9.74G   0.02099   0.03334 0.0005038   0.05483       175       640    0.9851    0.9724    0.9934    0.7074   0.02593    0.2906 0.0006729
   162/199     9.74G   0.02098   0.03348 0.0004691   0.05492       141       640    0.9777    0.9817     0.994    0.7079   0.02589    0.2907 0.0006595
   163/199     9.74G   0.02094    0.0332 0.0005584    0.0547       175       640    0.9749    0.9822    0.9928    0.7104   0.02587    0.2906 0.0006601
   164/199     9.74G   0.02101   0.03371 0.0005099   0.05523       226       640    0.9765    0.9822    0.9925    0.7085    0.0258    0.2908 0.0006456
   165/199     9.74G   0.02087   0.03358 0.0004933   0.05494       190       640    0.9762    0.9826    0.9932    0.7101   0.02579    0.2914 0.0006289
   166/199     9.74G   0.02067    0.0328 0.0004277    0.0539       186       640    0.9787    0.9841    0.9938    0.7109   0.02569    0.2928 0.0006164
   167/199     9.74G   0.02103   0.03383 0.0005035   0.05537       170       640    0.9789     0.982    0.9935    0.7115   0.02564    0.2935 0.0006137
   168/199     9.74G    0.0206   0.03345 0.0004781   0.05453       166       640    0.9767    0.9845    0.9925    0.7084   0.02579    0.2935  0.000613
   169/199     9.74G   0.02044   0.03321 0.0004406   0.05409       178       640    0.9784    0.9829    0.9928    0.7092    0.0258    0.2934 0.0006175
   170/199     9.74G   0.02028    0.0328   0.00044   0.05352       138       640    0.9815    0.9832    0.9942    0.7093   0.02581    0.2932  0.000625
   171/199     9.74G   0.02053    0.0334 0.0004696   0.05439       153       640    0.9795    0.9837    0.9925    0.7081   0.02588     0.293 0.0006253
   172/199     9.74G   0.02031   0.03303 0.0004851   0.05382       184       640    0.9797    0.9815    0.9917    0.7068   0.02588    0.2933 0.0006356
   173/199     9.74G   0.02034   0.03282 0.0004683   0.05363       162       640    0.9796    0.9818    0.9913    0.7086   0.02586    0.2933 0.0006492
   174/199     9.74G   0.02027   0.03247 0.0003643    0.0531       184       640    0.9791    0.9828    0.9916    0.7082   0.02588    0.2936 0.0006466
   175/199     9.74G   0.01982   0.03182 0.0003777   0.05202       173       640    0.9787    0.9831    0.9917    0.7087   0.02587    0.2945 0.0006506
   176/199     9.74G   0.02015   0.03235 0.0004567   0.05296       158       640    0.9785    0.9832    0.9925    0.7102   0.02585    0.2946 0.0006658
   177/199     9.74G   0.01994   0.03177 0.0003993   0.05211       197       640    0.9807     0.982    0.9923    0.7099   0.02582     0.295 0.0006843
   178/199     9.74G   0.02011   0.03235 0.0004327    0.0529       161       640    0.9812    0.9805    0.9917    0.7119    0.0258    0.2949 0.0006896
   179/199     9.74G   0.01985   0.03161 0.0004329   0.05189       147       640     0.981    0.9808    0.9915    0.7115   0.02577    0.2953   0.00069
   180/199     9.74G   0.02005   0.03261 0.0003972   0.05306       192       640    0.9787    0.9823    0.9915    0.7105    0.0258    0.2954 0.0006816
   181/199     9.74G   0.02032   0.03273 0.0005674   0.05361       161       640    0.9785    0.9825    0.9918    0.7113   0.02578    0.2956 0.0006697
   182/199     9.74G   0.02034    0.0329 0.0004703   0.05371       183       640    0.9846    0.9765    0.9918    0.7126   0.02573    0.2961 0.0006601
   183/199     9.74G   0.02006   0.03253 0.0004489   0.05304       168       640    0.9835    0.9772    0.9915    0.7113   0.02574    0.2967 0.0006624
   184/199     9.74G   0.01979   0.03189   0.00044   0.05212       136       640    0.9835    0.9772    0.9914    0.7119    0.0257     0.297 0.0006649
   185/199     9.74G   0.01985   0.03179 0.0004022   0.05204       155       640    0.9806    0.9815    0.9914    0.7124   0.02568    0.2972 0.0006648
   186/199     9.74G   0.01998   0.03244 0.0004408   0.05287       170       640    0.9812    0.9813    0.9914    0.7121   0.02569    0.2973 0.0006688
   187/199     9.74G   0.01999   0.03286 0.0004184   0.05327       159       640    0.9817    0.9814    0.9925    0.7112   0.02569    0.2971 0.0006699
   188/199     9.74G   0.02008   0.03262 0.0004444   0.05315       185       640    0.9812    0.9817    0.9925    0.7113   0.02571    0.2971 0.0006723
   189/199     9.74G    0.0199   0.03275 0.0004159   0.05307       174       640    0.9806    0.9817    0.9921    0.7111   0.02574    0.2971 0.0006779
   190/199     9.74G   0.01987   0.03247 0.0004412   0.05278       207       640    0.9799    0.9809     0.992    0.7105   0.02573    0.2971 0.0006808
   191/199     9.74G   0.02005   0.03262 0.0004571   0.05313       164       640    0.9801    0.9809    0.9921    0.7115   0.02569    0.2972 0.0006827
   192/199     9.74G   0.02005   0.03272 0.0005217   0.05329       185       640     0.981    0.9805    0.9924    0.7122   0.02565    0.2973 0.0006863
   193/199     9.74G   0.01978   0.03257 0.0004809   0.05283       161       640    0.9799    0.9808     0.992    0.7131   0.02563    0.2974 0.0006917
   194/199     9.74G   0.01989   0.03204 0.0004516   0.05238       145       640      0.98     0.981    0.9921    0.7126   0.02562    0.2976 0.0006971
   195/199     9.74G   0.02006   0.03272 0.0004735   0.05325       186       640    0.9799    0.9801     0.992    0.7128   0.02564    0.2977 0.0007008
   196/199     9.74G   0.01969   0.03259 0.0004514   0.05272       225       640    0.9824    0.9756    0.9919    0.7136   0.02563    0.2978 0.0007045
   197/199     9.74G   0.01983   0.03183 0.0004533   0.05211       195       640    0.9823    0.9756    0.9919    0.7133   0.02564    0.2979 0.0007012
   198/199     9.74G   0.01988   0.03228 0.0005056   0.05266       201       640     0.982    0.9756    0.9919    0.7136   0.02563     0.298 0.0007045
   199/199     9.74G   0.01975   0.03139 0.0004177   0.05156       152       640    0.9818    0.9755    0.9917    0.7135   0.02561    0.2981 0.0007051
