     0/199     9.52G   0.06463   0.06034   0.02043    0.1454       174       640    0.4931    0.4748    0.4291    0.1214   0.07238    0.1596   0.01914
     1/199     9.52G   0.04937   0.05241  0.006034    0.1078       203       640    0.8119    0.7146    0.7498    0.2881   0.05731    0.1677  0.008853
     2/199     9.52G   0.04202   0.04982  0.003407   0.09525       172       640    0.8787    0.8286    0.8729    0.3928    0.0487    0.1736  0.005581
     3/199     9.52G    0.0384   0.04865  0.002352    0.0894       196       640    0.9192      0.84    0.8994    0.4216   0.04475    0.1792  0.004579
     4/199     9.52G   0.03654   0.04743  0.001979   0.08595       205       640    0.9051    0.8654    0.9034    0.4236   0.04481    0.1913  0.004919
     5/199     9.52G    0.0355   0.04666  0.001944    0.0841       150       640    0.8935    0.8683    0.8986    0.4106   0.04444    0.1967   0.00434
     6/199     9.52G   0.03494   0.04778  0.001846   0.08457       161       640    0.9148     0.876    0.9186    0.4508    0.0424    0.1937  0.004254
     7/199     9.52G   0.03445   0.04601  0.001813   0.08227       153       640    0.9155     0.869    0.9096    0.4425   0.04252    0.1974  0.004755
     8/199     9.52G   0.03421    0.0469  0.001807   0.08292       195       640     0.917     0.844    0.9107    0.4595   0.04213    0.1984  0.005384
     9/199     9.52G   0.03456   0.04613  0.001846   0.08254       157       640    0.9272    0.8842    0.9239    0.4701   0.04237    0.1988  0.003209
    10/199     9.52G   0.03443   0.04837  0.001989   0.08479       204       640    0.8996    0.8569    0.9097    0.4605   0.04196    0.1956  0.005319
    11/199     9.52G   0.03452   0.04832  0.002186   0.08503       175       640    0.9003    0.8637    0.9006    0.4377   0.04328    0.1896  0.004905
    12/199     9.52G   0.03464   0.04941  0.002192   0.08624       117       640    0.9293    0.8594    0.9147    0.4481   0.04273    0.2095  0.003993
    13/199     9.52G   0.03508   0.04841  0.002131   0.08563       180       640    0.8781    0.7757    0.8396    0.3853   0.04695    0.1933  0.007506
    14/199     9.52G   0.03523   0.04879  0.002343   0.08636       166       640    0.8851    0.8377    0.8873    0.4318    0.0449     0.182  0.005576
    15/199     9.52G   0.03542   0.05002  0.002393   0.08783       179       640     0.907    0.8402    0.8849    0.4187   0.04463    0.1886  0.006987
    16/199     9.52G   0.03507   0.04991  0.002425    0.0874       199       640    0.8725     0.791    0.8616    0.4004   0.04717    0.1826  0.007143
    17/199     9.52G   0.03475   0.04881  0.002034   0.08559       169       640    0.9094    0.8347    0.8926    0.4322   0.04458    0.1923  0.004774
    18/199     9.52G   0.03432   0.04933   0.00199   0.08564       197       640    0.9181    0.8316    0.8946    0.4404   0.04316    0.1946  0.007122
    19/199     9.52G   0.03428   0.04899   0.00211   0.08537       157       640    0.9123    0.8269    0.8921    0.4391   0.04371    0.1943  0.005963
    20/199     9.52G   0.03413   0.04723  0.001969   0.08333       150       640    0.9119     0.855    0.9049    0.4512   0.04281    0.1927  0.003618
    21/199     9.52G    0.0336   0.04831  0.001893    0.0838       178       640    0.9255    0.8637    0.9099    0.4626    0.0422    0.1968  0.004763
    22/199     9.52G   0.03409   0.04881   0.00203   0.08494       223       640    0.9213    0.8768    0.9233    0.4732   0.04104    0.1949  0.004139
    23/199     9.52G   0.03345   0.04743  0.001699   0.08258       124       640    0.9439    0.8587    0.9249    0.4842   0.04212    0.1967  0.004444
    24/199     9.52G    0.0333   0.04767  0.001859   0.08283       185       640    0.9227    0.8493    0.9146    0.4612   0.04275    0.1828   0.00431
    25/199     9.52G   0.03302   0.04685  0.001688   0.08157       175       640    0.9381    0.8682    0.9294    0.4816   0.04075    0.2033   0.00389
    26/199     9.52G   0.03268   0.04722  0.001774   0.08167       161       640    0.9281    0.8277    0.9022    0.4508   0.04245    0.1964  0.005271
    27/199     9.52G   0.03259   0.04595  0.001509   0.08005       159       640    0.9204    0.8627    0.9136    0.4813   0.03992     0.208  0.004272
    28/199     9.52G   0.03253   0.04682  0.001644     0.081       138       640    0.9162    0.9028    0.9373    0.5007   0.03899    0.2061  0.002894
    29/199     9.52G   0.03239   0.04692  0.001676   0.08098       167       640    0.9105    0.9032    0.9372    0.4892   0.03955    0.2014  0.004802
    30/199     9.52G   0.03208   0.04682  0.001487   0.08038       193       640    0.9237    0.8826    0.9295    0.4882   0.03995    0.2012  0.003949
    31/199     9.52G    0.0319    0.0453  0.001508   0.07871       170       640    0.9379    0.8951     0.938     0.497   0.03912    0.2058  0.003874
    32/199     9.52G   0.03177   0.04565  0.001525   0.07895       185       640      0.93    0.8903    0.9417    0.5014   0.03929     0.205  0.003974
    33/199     9.52G   0.03201     0.046  0.001614   0.07962       194       640    0.9378    0.8951    0.9389    0.4906   0.03992    0.2031   0.00343
    34/199     9.52G   0.03162   0.04525   0.00134   0.07821       186       640    0.9386    0.8983    0.9466    0.5166    0.0388     0.197  0.003181
    35/199     9.52G   0.03154   0.04619  0.001583   0.07931       177       640    0.9168    0.8873    0.9337    0.4874    0.0399    0.2015  0.004377
    36/199     9.52G   0.03134   0.04534  0.001382   0.07806       163       640    0.9327    0.9065      0.94    0.5007   0.03872    0.2051   0.00348
    37/199     9.52G   0.03163   0.04569  0.001395   0.07871       182       640    0.9291    0.9151    0.9499     0.521   0.03847    0.1991  0.003209
    38/199     9.52G    0.0314   0.04498  0.001381   0.07776       147       640    0.9336    0.9069    0.9475    0.5229    0.0376    0.2023  0.003335
    39/199     9.52G   0.03117   0.04521  0.001421    0.0778       157       640    0.9413    0.9051    0.9448    0.5131   0.03768    0.2037    0.0042
    40/199     9.52G   0.03084   0.04499  0.001316   0.07715       180       640    0.9441    0.8881    0.9489    0.5164   0.03812    0.2032  0.005049
    41/199     9.52G   0.03083   0.04514  0.001294   0.07727       188       640    0.9575    0.8962    0.9488    0.5307   0.03702    0.1988  0.003003
    42/199     9.52G   0.03058   0.04382  0.001229   0.07563       161       640    0.9534    0.9056    0.9537    0.5166   0.03766    0.2015  0.003909
    43/199     9.52G   0.03069   0.04492  0.001184    0.0768       169       640    0.9435    0.9085    0.9484     0.528   0.03719    0.2052  0.003823
    44/199     9.52G    0.0305   0.04467  0.001246   0.07642       233       640     0.932    0.9277    0.9548    0.5259   0.03713     0.204  0.004229
    45/199     9.52G   0.03039   0.04498  0.001184   0.07656       194       640     0.943    0.8891    0.9446    0.5243   0.03757    0.2046  0.004212
    46/199     9.52G   0.03022   0.04443  0.001221   0.07587       175       640    0.9481    0.9205    0.9511    0.5269   0.03693     0.205  0.003642
    47/199     9.52G    0.0301    0.0443  0.001204   0.07561       199       640    0.9319    0.9156     0.949    0.5241   0.03713    0.2082  0.003664
    48/199     9.52G   0.03007   0.04426  0.001225   0.07555       187       640     0.954    0.9235    0.9627     0.539   0.03617    0.2091  0.003213
    49/199     9.52G   0.03003   0.04436  0.001243   0.07564       165       640    0.9466    0.9297     0.957    0.5434    0.0364    0.2022   0.00323
    50/199     9.52G   0.02974   0.04353  0.001206   0.07447       136       640    0.9502    0.9236    0.9572    0.5391   0.03623    0.2044  0.003059
    51/199     9.52G   0.02989   0.04426   0.00122   0.07538       175       640    0.9464    0.9195    0.9535    0.5436   0.03584    0.2075  0.004296
    52/199     9.52G   0.02963   0.04336   0.00115   0.07414       196       640    0.9488    0.9144    0.9535    0.5382   0.03612    0.2111  0.004234
    53/199     9.52G    0.0296   0.04378  0.001066   0.07444       175       640    0.9493    0.9199     0.957    0.5484   0.03547     0.212  0.003755
    54/199     9.52G   0.02961   0.04323  0.001172   0.07401       189       640    0.9588    0.9125    0.9583    0.5371   0.03582    0.2118  0.003603
    55/199     9.52G   0.02964   0.04383  0.001127    0.0746       151       640    0.9474    0.9282     0.956    0.5435   0.03563    0.2077  0.003364
    56/199     9.52G   0.02944   0.04354  0.001098   0.07409       178       640    0.9498    0.9287    0.9611    0.5487   0.03604    0.2014  0.003546
    57/199     9.52G   0.02923   0.04261  0.001043   0.07287       182       640    0.9508    0.9324    0.9635     0.555   0.03499    0.2118   0.00311
    58/199     9.52G   0.02908   0.04317  0.001115   0.07336       203       640    0.9627    0.9291    0.9655    0.5472   0.03541    0.2154  0.002893
    59/199     9.52G   0.02912   0.04265  0.001107   0.07288       189       640    0.9443    0.9311    0.9584    0.5398   0.03576    0.2096  0.004755
    60/199     9.52G   0.02906     0.044  0.001155   0.07422       213       640    0.9594    0.9282    0.9609    0.5564   0.03485    0.2092  0.003355
    61/199     9.52G   0.02903   0.04343  0.001013   0.07348       172       640    0.9576    0.9336     0.962    0.5673   0.03444    0.2144  0.003028
    62/199     9.52G   0.02917   0.04273  0.001082   0.07299       216       640    0.9555    0.9167    0.9593    0.5503   0.03522    0.2088  0.004488
    63/199     9.52G   0.02881   0.04337  0.001121    0.0733       180       640     0.943    0.9433    0.9665    0.5607    0.0345    0.2117  0.003097
    64/199     9.52G   0.02885   0.04256  0.001066   0.07247       173       640    0.9598    0.9296    0.9653    0.5516   0.03502    0.2142  0.003432
    65/199     9.52G   0.02856    0.0431  0.001066   0.07273       215       640    0.9552    0.9152    0.9576    0.5425   0.03563    0.2128  0.003643
    66/199     9.52G   0.02854   0.04257  0.001034   0.07214       156       640    0.9631    0.9203     0.965    0.5582   0.03444      0.21  0.002839
    67/199     9.52G   0.02853   0.04296  0.001139   0.07263       179       640    0.9406    0.9525    0.9697     0.563   0.03455    0.2112  0.003065
    68/199     9.52G   0.02832   0.04211 0.0009252   0.07135       159       640    0.9582    0.9466    0.9694    0.5653   0.03418    0.2162  0.002731
    69/199     9.52G   0.02828   0.04185 0.0009956   0.07113       182       640    0.9548    0.9385    0.9733    0.5661   0.03398    0.2102  0.003174
    70/199     9.52G   0.02826   0.04257   0.00102   0.07185       148       640    0.9583    0.9392    0.9703    0.5708   0.03364    0.2139  0.002726
    71/199     9.52G   0.02815   0.04116 0.0008691   0.07018       219       640    0.9471    0.9354    0.9648    0.5678   0.03368    0.2137  0.003072
    72/199     9.52G   0.02823   0.04217  0.000989   0.07138       169       640    0.9721    0.9284    0.9703    0.5709   0.03391    0.2118  0.002509
    73/199     9.52G   0.02821   0.04198  0.001005   0.07119       173       640    0.9576    0.9446     0.967    0.5772   0.03301    0.2112  0.002766
    74/199     9.52G   0.02794   0.04161 0.0009637   0.07051       164       640    0.9565    0.9369    0.9681    0.5717    0.0334    0.2168  0.003207
    75/199     9.52G   0.02789   0.04192 0.0009866    0.0708       200       640    0.9642    0.9307    0.9682    0.5663   0.03362    0.2142  0.002847
    76/199     9.52G   0.02789   0.04104 0.0009722    0.0699       142       640    0.9688    0.9487    0.9753    0.5836   0.03277    0.2139  0.002704
    77/199     9.52G     0.028   0.04201 0.0009635   0.07098       219       640    0.9667    0.9527     0.978    0.5807   0.03307    0.2139  0.002654
    78/199     9.52G   0.02789   0.04117 0.0009977   0.07006       195       640    0.9675    0.9374    0.9729    0.5818   0.03258    0.2128  0.003096
    79/199     9.52G   0.02774   0.04241  0.001064   0.07122       189       640    0.9596    0.9387    0.9692    0.5744   0.03304     0.213  0.003228
    80/199     9.52G   0.02749   0.04189 0.0009759   0.07036       189       640    0.9555    0.9497    0.9729    0.5926    0.0325    0.2131  0.002845
    81/199     9.52G   0.02765   0.04153 0.0009561   0.07013       164       640    0.9651    0.9473    0.9731      0.59   0.03225    0.2137  0.002922
    82/199     9.52G   0.02738   0.04214 0.0009642   0.07049       180       640    0.9605    0.9533     0.973    0.5843   0.03267    0.2117  0.002428
    83/199     9.52G   0.02748    0.0416 0.0009539   0.07004       195       640    0.9612    0.9509    0.9749    0.5894   0.03225    0.2158  0.002187
    84/199     9.52G   0.02727   0.04063 0.0009482   0.06885       183       640    0.9704    0.9502    0.9815    0.5886   0.03243    0.2171  0.002466
    85/199     9.52G   0.02713   0.04128  0.000945   0.06935       213       640    0.9664    0.9434    0.9699    0.5948   0.03169    0.2207  0.002456
    86/199     9.52G   0.02685   0.04152 0.0008356   0.06921       150       640    0.9694    0.9478    0.9749     0.595   0.03213    0.2152  0.002314
    87/199     9.52G   0.02711   0.04166 0.0009418   0.06971       164       640    0.9685    0.9453    0.9749    0.5913   0.03216    0.2178  0.002207
    88/199     9.52G   0.02698   0.04178 0.0009419   0.06969       145       640    0.9642    0.9538    0.9725    0.5959   0.03157    0.2152  0.002379
    89/199     9.52G   0.02687   0.04037  0.000864   0.06811       226       640    0.9784    0.9445     0.979    0.5933   0.03228     0.214  0.002483
    90/199     9.52G   0.02661   0.04105 0.0008986   0.06857       196       640    0.9763    0.9388    0.9725    0.5988   0.03162    0.2152  0.002454
    91/199     9.52G   0.02654   0.04005 0.0007807   0.06736       193       640    0.9755    0.9467    0.9771    0.6042   0.03158    0.2148  0.002404
    92/199     9.52G    0.0265   0.04035 0.0007331   0.06758       164       640    0.9694    0.9588     0.978     0.602   0.03146    0.2203  0.002309
    93/199     9.52G    0.0266   0.04098 0.0009672   0.06855       196       640    0.9685    0.9532    0.9782    0.6053   0.03137    0.2158  0.002184
    94/199     9.52G   0.02658   0.04006 0.0008738   0.06752       213       640     0.967    0.9548    0.9768    0.6071   0.03111    0.2172  0.002319
    95/199     9.52G    0.0264    0.0405 0.0008873   0.06779       149       640    0.9666    0.9581    0.9774    0.6052   0.03107    0.2182  0.002467
    96/199     9.52G   0.02599   0.03992 0.0006837   0.06659       176       640    0.9662     0.963    0.9803    0.6073   0.03135    0.2163  0.002172
    97/199     9.52G   0.02619   0.03981 0.0008984    0.0669       171       640    0.9683    0.9589     0.979    0.6083   0.03102    0.2205  0.002189
    98/199     9.52G   0.02606   0.04017 0.0008355   0.06707       176       640    0.9694    0.9549    0.9774    0.6097   0.03105    0.2204  0.002308
    99/199     9.52G   0.02592   0.04047 0.0007934   0.06719       175       640    0.9649    0.9593    0.9784     0.605   0.03134    0.2191  0.002418
   100/199     9.52G   0.02589    0.0403  0.000799   0.06699       158       640    0.9659    0.9632    0.9812    0.6136   0.03076    0.2162  0.002222
   101/199     9.52G   0.02603   0.04004 0.0008335   0.06691       188       640    0.9667    0.9523    0.9748    0.6056    0.0312    0.2187   0.00247
   102/199     9.52G   0.02578   0.04026 0.0007897   0.06683       186       640    0.9675     0.966    0.9823    0.6115   0.03087     0.222  0.002247
   103/199     9.52G   0.02574   0.03989 0.0007516   0.06638       170       640     0.975    0.9584    0.9827    0.6147   0.03042    0.2198  0.002542
   104/199     9.52G   0.02562   0.03994 0.0007757   0.06635       192       640    0.9649    0.9624      0.98    0.6122   0.03094    0.2201  0.002397
   105/199     9.52G   0.02555   0.04064 0.0007804   0.06697       200       640    0.9739    0.9485    0.9805    0.6138   0.03071    0.2204  0.002312
   106/199     9.52G   0.02539   0.03919  0.000816    0.0654       202       640    0.9821    0.9474    0.9835    0.6149    0.0306    0.2177  0.002557
   107/199     9.52G   0.02531   0.03953 0.0007673    0.0656       162       640    0.9757    0.9509    0.9819    0.6175    0.0305    0.2159  0.002389
   108/199     9.52G   0.02524   0.03977 0.0007615   0.06577       166       640     0.963    0.9648    0.9822    0.6208   0.03027    0.2183   0.00248
   109/199     9.52G   0.02549   0.03982 0.0008486   0.06615       165       640    0.9665    0.9658    0.9828    0.6204   0.02988    0.2208  0.002405
   110/199     9.52G   0.02563   0.04001 0.0008579    0.0665       197       640    0.9605    0.9691    0.9833    0.6187   0.03002    0.2214  0.002405
   111/199     9.52G   0.02507   0.03947  0.000727   0.06527       204       640     0.975    0.9576    0.9856    0.6218   0.03008    0.2213  0.002294
   112/199     9.52G   0.02518   0.03949 0.0008454   0.06551       194       640     0.975    0.9573    0.9806     0.618   0.02999    0.2199   0.00229
   113/199     9.52G   0.02481   0.03885 0.0006996   0.06436       167       640    0.9679    0.9684    0.9812    0.6243   0.02958    0.2211  0.002265
   114/199     9.52G   0.02486   0.03928 0.0007687   0.06491       162       640    0.9699     0.969    0.9824    0.6244   0.02979      0.22  0.002365
   115/199     9.52G   0.02457   0.03919 0.0006803   0.06444       176       640    0.9679    0.9699    0.9803    0.6219   0.02992    0.2213  0.002308
   116/199     9.52G   0.02469   0.03858 0.0006889   0.06396       184       640    0.9698    0.9705    0.9851     0.628   0.02972    0.2224  0.002244
   117/199     9.52G   0.02485   0.03938  0.000753   0.06498       158       640    0.9669    0.9706    0.9837    0.6317    0.0294    0.2231   0.00214
   118/199     9.52G   0.02453   0.03857 0.0007503   0.06384       171       640    0.9756    0.9623    0.9856    0.6311   0.02942    0.2219  0.002245
   119/199     9.52G   0.02449   0.03905 0.0007208   0.06426       206       640     0.967    0.9691    0.9836    0.6323   0.02929     0.224  0.002245
   120/199     9.52G   0.02419   0.03879 0.0007224    0.0637       171       640    0.9722     0.966    0.9851    0.6324   0.02918    0.2239  0.002161
   121/199     9.52G   0.02405   0.03783 0.0006244    0.0625       188       640     0.966      0.97     0.983    0.6391   0.02885    0.2227  0.002213
   122/199     9.52G   0.02422   0.03803 0.0007155   0.06296       208       640    0.9615    0.9753    0.9818    0.6366   0.02887    0.2247  0.002254
   123/199     9.52G   0.02407   0.03798 0.0006588    0.0627       203       640    0.9622    0.9727    0.9836    0.6343   0.02909    0.2261  0.002321
   124/199     9.52G   0.02401    0.0388 0.0007273   0.06354       141       640    0.9594    0.9731    0.9821    0.6346   0.02894    0.2241  0.002333
   125/199     9.52G   0.02399   0.03804  0.000672    0.0627       141       640    0.9659    0.9651    0.9808    0.6362   0.02885    0.2234  0.002402
   126/199     9.52G   0.02381   0.03801 0.0006511   0.06248       176       640    0.9639    0.9714    0.9833    0.6357   0.02873    0.2264  0.002376
   127/199     9.52G   0.02387   0.03859 0.0006215   0.06308       210       640    0.9641    0.9742    0.9851    0.6407   0.02845     0.227  0.002323
   128/199     9.52G   0.02384   0.03852 0.0006508   0.06301       206       640    0.9648    0.9724    0.9842      0.64    0.0284    0.2264  0.002281
   129/199     9.52G   0.02393    0.0385 0.0007235   0.06316       174       640    0.9653    0.9761    0.9856    0.6412   0.02848    0.2267  0.002468
   130/199     9.52G   0.02378   0.03744 0.0007452   0.06197       165       640    0.9703     0.971    0.9853    0.6374    0.0285    0.2264  0.002575
   131/199     9.52G   0.02371   0.03797 0.0007229    0.0624       192       640    0.9671    0.9715     0.985    0.6364    0.0286     0.226  0.002478
   132/199     9.52G   0.02358   0.03754 0.0007085   0.06182       180       640    0.9691    0.9656    0.9828    0.6439   0.02834    0.2259  0.002356
   133/199     9.52G   0.02316   0.03711 0.0006229   0.06089       164       640    0.9649    0.9723    0.9838    0.6392   0.02838    0.2261  0.002344
   134/199     9.52G   0.02359    0.0384 0.0007341   0.06272       187       640    0.9678    0.9772    0.9869    0.6403   0.02845    0.2245  0.002394
   135/199     9.52G    0.0232   0.03731 0.0006482   0.06116       169       640    0.9743     0.966    0.9843    0.6436    0.0283    0.2245  0.002305
   136/199     9.52G   0.02312   0.03771  0.000646   0.06148       195       640    0.9696    0.9721     0.985     0.644    0.0282    0.2257  0.002179
   137/199     9.52G   0.02326   0.03786 0.0007344   0.06185       158       640    0.9715    0.9718    0.9851     0.647   0.02818    0.2263  0.002234
   138/199     9.52G   0.02324   0.03767 0.0006709   0.06157       189       640    0.9672    0.9699     0.985    0.6467   0.02823    0.2259  0.002282
   139/199     9.52G   0.02287    0.0373 0.0005567   0.06072       211       640    0.9662    0.9755    0.9862    0.6494   0.02796    0.2269  0.002299
   140/199     9.52G   0.02271   0.03726 0.0005522   0.06052       225       640    0.9684    0.9691    0.9862    0.6482   0.02811    0.2273  0.002273
   141/199     9.52G   0.02281   0.03712 0.0006308   0.06056       183       640    0.9714    0.9666    0.9867    0.6483   0.02798    0.2267  0.002194
   142/199     9.52G   0.02275   0.03722  0.000574   0.06054       176       640    0.9754     0.968    0.9887    0.6462   0.02792    0.2264  0.002157
   143/199     9.52G   0.02274   0.03732 0.0006073   0.06067       171       640    0.9692    0.9719    0.9872    0.6473   0.02784    0.2257  0.002224
   144/199     9.52G   0.02273   0.03662 0.0006952   0.06005       160       640    0.9607    0.9778    0.9855    0.6479   0.02778    0.2256  0.002318
   145/199     9.52G   0.02267   0.03709 0.0006874   0.06045       144       640     0.968    0.9703    0.9859    0.6503   0.02772    0.2259  0.002305
   146/199     9.52G   0.02251   0.03688 0.0005505   0.05994       153       640    0.9704    0.9707    0.9862    0.6511   0.02777    0.2271  0.002371
   147/199     9.52G   0.02254     0.037 0.0006425   0.06019       185       640    0.9768    0.9669    0.9866    0.6512   0.02771    0.2273  0.002375
   148/199     9.52G   0.02223   0.03627 0.0005752   0.05907       179       640     0.975    0.9675    0.9856    0.6524   0.02761     0.228  0.002338
   149/199     9.52G   0.02238   0.03751 0.0006087    0.0605       188       640    0.9727    0.9699    0.9855    0.6523   0.02764    0.2278  0.002242
   150/199     9.52G   0.02197   0.03595 0.0005425   0.05846       176       640    0.9764    0.9636    0.9862    0.6551   0.02752    0.2289  0.002233
   151/199     9.52G   0.02232   0.03652 0.0006108   0.05945       197       640    0.9772     0.962    0.9854    0.6526   0.02759    0.2292  0.002253
   152/199     9.52G    0.0221   0.03674 0.0006191   0.05945       207       640    0.9723    0.9674    0.9849    0.6542   0.02757     0.229  0.002254
   153/199     9.52G   0.02208   0.03668 0.0006063   0.05936       177       640    0.9781    0.9644    0.9863    0.6523   0.02758    0.2295  0.002228
   154/199     9.52G   0.02211   0.03639 0.0006091   0.05911       184       640    0.9691    0.9755    0.9864    0.6521   0.02756    0.2306  0.002213
   155/199     9.52G   0.02162   0.03576 0.0005591   0.05794       189       640    0.9669    0.9758    0.9854    0.6546    0.0275    0.2311  0.002218
   156/199     9.52G   0.02192   0.03631 0.0005885   0.05882       215       640    0.9693    0.9771    0.9876    0.6586   0.02731    0.2316  0.002165
   157/199     9.52G   0.02174   0.03617 0.0005726   0.05848       185       640    0.9748    0.9709    0.9888    0.6583   0.02722    0.2312  0.002187
   158/199     9.52G   0.02201   0.03607 0.0005875   0.05866       147       640    0.9735    0.9693     0.987    0.6597   0.02719    0.2317  0.002192
   159/199     9.52G   0.02172   0.03654 0.0006112   0.05887       167       640    0.9768    0.9724    0.9869    0.6579    0.0272    0.2314  0.002185
   160/199     9.52G   0.02138    0.0354 0.0005024   0.05728       141       640    0.9701    0.9779    0.9878    0.6596    0.0272    0.2319  0.002186
   161/199     9.52G   0.02171   0.03658 0.0006037    0.0589       159       640    0.9714    0.9756    0.9861    0.6584   0.02722    0.2324  0.002156
   162/199     9.52G    0.0216   0.03695 0.0005877   0.05914       205       640    0.9711    0.9755    0.9863    0.6598   0.02706    0.2331  0.002149
   163/199     9.52G   0.02139   0.03535 0.0005955   0.05734       125       640    0.9694    0.9774    0.9873    0.6604   0.02703     0.233   0.00217
   164/199     9.52G   0.02134    0.0357  0.000553   0.05759       196       640    0.9684    0.9783    0.9869    0.6611   0.02694    0.2332  0.002167
   165/199     9.52G   0.02126   0.03545  0.000545   0.05726       158       640     0.973    0.9756    0.9867    0.6623   0.02692    0.2332  0.002162
   166/199     9.52G   0.02118   0.03553 0.0005665   0.05728       218       640    0.9755    0.9735    0.9866    0.6622   0.02688    0.2334  0.002181
   167/199     9.52G   0.02113   0.03584 0.0005484   0.05752       178       640    0.9718     0.977    0.9876     0.662   0.02688    0.2334  0.002183
   168/199     9.52G   0.02116   0.03558 0.0005925   0.05734       171       640     0.973    0.9785    0.9881    0.6635   0.02682    0.2335  0.002183
   169/199     9.52G   0.02114   0.03551 0.0005367   0.05718       158       640    0.9744    0.9764    0.9883    0.6636   0.02682    0.2338  0.002199
   170/199     9.52G   0.02117   0.03519 0.0005329    0.0569       161       640    0.9743    0.9758     0.988    0.6632   0.02675    0.2346  0.002204
   171/199     9.52G     0.021    0.0355 0.0005103     0.057       149       640    0.9724    0.9769     0.987    0.6634    0.0267     0.235  0.002215
   172/199     9.52G   0.02088   0.03608 0.0005394    0.0575       196       640    0.9738    0.9756    0.9871    0.6634    0.0267    0.2348  0.002228
   173/199     9.52G   0.02115   0.03557 0.0005798    0.0573       184       640     0.973    0.9764    0.9873    0.6642   0.02667    0.2349  0.002219
   174/199     9.52G   0.02105   0.03581 0.0006014   0.05746       152       640    0.9719    0.9759    0.9863    0.6635   0.02667     0.235  0.002224
   175/199     9.52G   0.02058   0.03489 0.0004591   0.05593       145       640    0.9714    0.9762    0.9871    0.6652   0.02667    0.2347  0.002225
   176/199     9.52G   0.02077   0.03525 0.0005392   0.05655       158       640    0.9716    0.9758    0.9863    0.6647   0.02665    0.2346  0.002218
   177/199     9.52G   0.02098   0.03575 0.0005616   0.05729       204       640    0.9728    0.9757     0.986    0.6645   0.02664    0.2347  0.002213
   178/199     9.52G   0.02058   0.03498 0.0005387    0.0561       157       640    0.9722    0.9764    0.9856    0.6648   0.02663    0.2345  0.002221
   179/199     9.52G   0.02059   0.03485 0.0005415   0.05598       151       640    0.9726    0.9764    0.9859     0.665   0.02664    0.2343  0.002225
   180/199     9.52G   0.02073   0.03586 0.0005052    0.0571       232       640    0.9712     0.975    0.9844    0.6638   0.02662    0.2344  0.002226
   181/199     9.52G   0.02091   0.03538 0.0005864   0.05688       195       640    0.9713    0.9747    0.9851    0.6647   0.02663    0.2344  0.002221
   182/199     9.52G   0.02061   0.03545 0.0004875   0.05654       170       640    0.9714    0.9756     0.985    0.6644   0.02664    0.2343  0.002213
   183/199     9.52G    0.0206   0.03468 0.0004992   0.05577       157       640    0.9734     0.977    0.9863    0.6655   0.02663    0.2344   0.00221
   184/199     9.52G   0.02054   0.03511 0.0005141   0.05617       181       640    0.9728    0.9754    0.9862     0.664   0.02663    0.2345  0.002207
   185/199     9.52G   0.02079   0.03524 0.0005063   0.05654       197       640    0.9731    0.9756    0.9859    0.6656   0.02662    0.2347  0.002211
   186/199     9.52G   0.02061   0.03564 0.0004888   0.05674       179       640    0.9713    0.9757    0.9858    0.6653   0.02658    0.2348  0.002215
   187/199     9.52G   0.02065   0.03488 0.0005129   0.05604       183       640    0.9724    0.9756    0.9858    0.6658   0.02658    0.2349  0.002217
   188/199     9.52G    0.0205    0.0344 0.0005363   0.05544       161       640     0.973    0.9748    0.9854    0.6642   0.02656    0.2349   0.00222
   189/199     9.52G   0.02039   0.03512 0.0005008   0.05602       169       640    0.9731    0.9749    0.9855    0.6652   0.02655    0.2349  0.002215
   190/199     9.52G   0.02037   0.03505  0.000527   0.05595       156       640    0.9729    0.9731     0.985    0.6653   0.02654    0.2351   0.00221
   191/199     9.52G    0.0203   0.03473 0.0004549   0.05549       134       640    0.9733    0.9741     0.986    0.6656   0.02653    0.2352  0.002203
   192/199     9.52G    0.0204   0.03536 0.0005564   0.05632       190       640    0.9731    0.9733    0.9848    0.6662   0.02652    0.2353  0.002191
   193/199     9.52G   0.02038   0.03457 0.0005137   0.05546       160       640    0.9758    0.9746    0.9868    0.6666   0.02649    0.2354  0.002185
   194/199     9.52G   0.02032   0.03421 0.0004867   0.05501       187       640    0.9746    0.9758    0.9868    0.6675   0.02649    0.2354  0.002177
   195/199     9.52G    0.0203   0.03458 0.0005184   0.05539       175       640    0.9751    0.9751    0.9863    0.6671   0.02647    0.2355  0.002169
   196/199     9.52G   0.02047   0.03506 0.0005366   0.05607       174       640    0.9728    0.9764    0.9867     0.667   0.02645    0.2356  0.002161
   197/199     9.52G   0.02018   0.03403 0.0004426   0.05466       173       640    0.9712    0.9757    0.9858    0.6669   0.02645    0.2357  0.002159
   198/199     9.52G   0.02028   0.03468 0.0005136   0.05547       159       640    0.9723    0.9758    0.9864    0.6675   0.02644    0.2357  0.002154
   199/199     9.52G    0.0203   0.03554 0.0004961   0.05634       215       640    0.9714    0.9771    0.9865    0.6686   0.02644    0.2356  0.002151
