     0/399     21.9G    0.0316    0.1185  0.003375    0.1535       164       640    0.9693    0.9399    0.9802    0.5969   0.02885   0.06311  0.001367
     1/399     23.2G   0.02954   0.09229  0.002212     0.124       197       640    0.9607    0.9481    0.9739    0.5928   0.02792   0.05929 0.0006899
     2/399     23.2G   0.02894   0.08919  0.001828      0.12       181       640    0.9611    0.9413    0.9761    0.5894   0.02798   0.05917 0.0007037
     3/399     23.2G   0.02917   0.08825  0.001898    0.1193       182       640    0.9556     0.935    0.9658    0.5752   0.02862   0.06043 0.0006026
     4/399     23.2G   0.02952   0.09009   0.00193    0.1215       220       640     0.958    0.9309     0.969    0.5734   0.02839   0.06134 0.0005444
     5/399     23.2G   0.03025   0.09184  0.001887     0.124       205       640     0.957    0.9355     0.975    0.5664    0.0291     0.061 0.0005622
     6/399     23.2G   0.03121   0.09463  0.002063    0.1279       143       640    0.9579     0.922    0.9702     0.564   0.02997   0.06116 0.0005284
     7/399     23.2G   0.03663    0.1076   0.00225    0.1465       179       640    0.9271    0.9082    0.9496     0.476   0.03483   0.07021 0.0008084
     8/399     23.2G   0.03935    0.1049  0.002026    0.1463       147       640    0.9652       0.9    0.9581    0.5166   0.03184   0.06659 0.0006677
     9/399     23.2G   0.03763    0.1027  0.002107    0.1424       178       640    0.9357    0.9199    0.9611    0.4773   0.03466   0.06725 0.0004573
    10/399     23.2G   0.03827    0.1044  0.002311     0.145       175       640    0.8737    0.8295    0.8758     0.388   0.04022   0.07725  0.002157
    11/399     23.2G   0.03981    0.1104  0.002793     0.153       172       640    0.9342    0.8727    0.9318    0.4743    0.0353   0.07061  0.000935
    12/399     23.2G   0.03972    0.1105  0.002894    0.1531       166       640    0.8829    0.8091    0.8766    0.3813   0.04217   0.07391  0.002793
    13/399     23.2G   0.04069    0.1117  0.003224    0.1557       151       640    0.9061    0.8221    0.8838    0.4209   0.03734   0.07725  0.001925
    14/399     23.2G   0.04318    0.1188  0.003997     0.166       162       640    0.9112    0.8192    0.8872    0.4205   0.03786   0.07692  0.002197
    15/399     23.2G   0.04382    0.1189  0.004079    0.1668       178       640    0.8804    0.7556    0.8412    0.3888   0.03994   0.08374  0.003378
    16/399     23.2G   0.04313    0.1189  0.004334    0.1663       158       640    0.8898    0.7924    0.8612     0.412    0.0379   0.08119  0.002759
    17/399     23.2G   0.04361    0.1212  0.004329    0.1691       160       640    0.8795    0.7643    0.8375    0.3863   0.04045   0.08101  0.003281
    18/399     23.2G    0.0428    0.1185  0.004126    0.1654       213       640    0.8921    0.8089     0.866    0.4214   0.03815   0.07759  0.002643
    19/399     23.2G   0.04323    0.1171  0.004231    0.1646       174       640    0.9193    0.7732    0.8718    0.3868   0.04051   0.07759  0.002912
    20/399     23.2G   0.04318    0.1181  0.004112    0.1654       157       640    0.9243    0.7936    0.8916    0.4224   0.03784   0.07559  0.002623
    21/399     23.2G   0.04339    0.1161  0.004128    0.1637       201       640    0.8776    0.7081     0.792    0.3437   0.04311   0.08862  0.003242
    22/399     23.2G   0.04346    0.1192  0.004261    0.1669       145       640    0.8612    0.7831    0.8519    0.3919   0.04017   0.08073  0.004795
    23/399     23.2G    0.0429    0.1162   0.00389     0.163       168       640    0.9024    0.8239    0.8878    0.4319   0.03829   0.07623  0.001967
    24/399     23.2G    0.0424    0.1141  0.004148    0.1607       187       640      0.89    0.8479    0.9046    0.4378    0.0369   0.07279  0.001732
    25/399     23.2G    0.0436    0.1162  0.004133    0.1639       174       640    0.8622    0.7331    0.8042    0.3496   0.04437   0.08188  0.003693
    26/399     23.2G   0.04278    0.1154  0.003819     0.162       146       640    0.9097    0.8559    0.9096     0.444   0.03669    0.0716  0.001519
    27/399     23.2G   0.04298    0.1135  0.003696    0.1602       148       640    0.9066    0.7975    0.8647    0.4064   0.03968   0.08019  0.002675
    28/399     23.2G   0.04213    0.1147  0.004036    0.1609       183       640    0.8506    0.8287    0.8792    0.4183    0.0378   0.07654  0.003566
    29/399     23.2G   0.04256    0.1148  0.003716    0.1611       177       640    0.8809    0.8268    0.8772    0.4261    0.0372   0.07701  0.002551
    30/399     23.2G   0.04261    0.1142  0.003803    0.1607       189       640    0.9291    0.8308    0.9067    0.4572   0.03534   0.07264  0.001832
    31/399     23.2G   0.04219    0.1157  0.003977    0.1619       184       640    0.9367    0.8345    0.9124    0.4421   0.03659   0.06941  0.001543
    32/399     23.2G   0.04221     0.113  0.003916    0.1592       199       640    0.9274    0.8694    0.9305    0.4724   0.03456   0.06949  0.001004
    33/399     23.2G   0.04227    0.1147  0.003782    0.1608       187       640    0.9044    0.8613    0.9141    0.4546   0.03612   0.07176   0.00214
    34/399     23.2G    0.0426    0.1128  0.003906    0.1593       206       640    0.9069    0.8254    0.8871    0.4279   0.03736   0.07861  0.002072
    35/399     23.2G   0.04196    0.1116   0.00359    0.1572       163       640     0.915    0.8763    0.9251    0.4732    0.0344   0.07022  0.001113
    36/399     23.2G    0.0414    0.1135  0.003619    0.1585       177       640    0.8888    0.8055    0.8615    0.4221   0.03792    0.0791  0.002482
    37/399     23.2G   0.04149    0.1116  0.003735    0.1568       159       640     0.905    0.8835    0.9211    0.4621   0.03551   0.07051  0.001254
    38/399     23.2G   0.04214     0.115  0.003874    0.1611       189       640    0.9257    0.8769    0.9216    0.4717   0.03451   0.06875  0.001175
    39/399     23.2G   0.04129    0.1127  0.003523    0.1575       158       640    0.9182    0.8635     0.922    0.4683   0.03496   0.07092  0.001581
    40/399     23.2G   0.04205    0.1101  0.003665    0.1558       162       640    0.8591    0.7235    0.8386    0.3893      0.04    0.0843  0.007187
    41/399     23.2G   0.04132    0.1091  0.003475    0.1539       146       640    0.9123    0.8889    0.9328    0.4801   0.03437   0.06681  0.001019
    42/399     23.2G    0.0412    0.1097  0.003475    0.1544       135       640    0.9161    0.8854    0.9367    0.4753   0.03463   0.06855  0.000997
    43/399     23.2G   0.04208    0.1123  0.003519    0.1579       195       640    0.9265    0.8644    0.9237    0.4793   0.03465   0.06821 0.0009978
    44/399     23.2G   0.04139     0.111  0.003552     0.156       222       640    0.9032    0.8241    0.8973    0.4399   0.03642   0.07613  0.002512
    45/399     23.2G   0.04114    0.1114  0.003536    0.1561       166       640    0.8464    0.7423    0.8207    0.3959   0.03908   0.08341  0.005372
    46/399     23.2G   0.04087    0.1105  0.003355    0.1548       175       640     0.912    0.8683    0.9178    0.4644   0.03563   0.06842  0.001266
    47/399     23.2G   0.04165    0.1106  0.003743     0.156       171       640    0.9059    0.8896    0.9302    0.4904   0.03386   0.06786  0.001235
    48/399     23.2G   0.04151    0.1111  0.003391     0.156       148       640    0.9516     0.878    0.9378    0.4603    0.0355   0.06748  0.001063
    49/399     23.2G   0.04085    0.1109  0.003495    0.1553       191       640    0.8926    0.7628    0.8555    0.4151   0.03821   0.08065   0.00364
    50/399     23.2G   0.04089    0.1099  0.003256     0.154       200       640     0.928    0.8795    0.9307    0.4787    0.0345   0.06807  0.001022
    51/399     23.2G   0.04138    0.1104  0.003792    0.1555       171       640    0.9037    0.8585    0.9127    0.4462   0.03656   0.07107  0.001472
    52/399     23.2G   0.04126    0.1113  0.003615    0.1562       187       640    0.9412    0.8823    0.9351    0.4812   0.03401   0.06741 0.0009454
    53/399     23.2G   0.04097    0.1103   0.00371     0.155       215       640    0.9209    0.8206    0.8999    0.4428   0.03676   0.07473  0.002602
    54/399     23.2G   0.04067    0.1086  0.003279    0.1526       183       640    0.9145    0.8664    0.9179     0.465   0.03549   0.07242  0.001164
    55/399     23.2G   0.04029    0.1103  0.003433     0.154       193       640    0.9396    0.8836    0.9394     0.491   0.03354   0.06613   0.00101
    56/399     23.2G   0.04155    0.1094  0.003278    0.1542       179       640    0.9109    0.8429    0.8998    0.4462   0.03641   0.07272  0.001514
    57/399     23.2G   0.04102    0.1074  0.003333    0.1518       193       640    0.9369    0.8834    0.9355    0.4701   0.03476   0.06785  0.001116
    58/399     23.2G   0.04028    0.1089    0.0033    0.1525       155       640    0.9234    0.8447    0.9131    0.4553   0.03564   0.07193  0.001372
    59/399     23.2G   0.04084    0.1085   0.00339    0.1527       183       640    0.9113    0.8507    0.9094    0.4614   0.03518   0.07293  0.001634
    60/399     23.2G   0.04063     0.109  0.003419     0.153       158       640    0.9421    0.8631    0.9279    0.4764   0.03442   0.06819  0.001224
    61/399     23.2G   0.04063    0.1072  0.003179     0.151       157       640    0.9088    0.8611    0.9065    0.4539   0.03588   0.07213  0.001624
    62/399     23.2G   0.03986    0.1071  0.003236    0.1502       180       640    0.9394    0.8265    0.9071    0.4606   0.03565   0.07291  0.001788
    63/399     23.2G   0.04032    0.1092    0.0032    0.1527       171       640    0.9001    0.8116    0.8795    0.4291    0.0375   0.07772  0.001539
    64/399     23.2G   0.04046    0.1088  0.003312    0.1526       198       640    0.9032    0.8231    0.8946    0.4364   0.03693   0.07772  0.001805
    65/399     23.2G   0.04049    0.1101  0.003386    0.1539       196       640    0.9391    0.8887    0.9407    0.4825    0.0341   0.06659  0.000809
    66/399     23.2G   0.04028    0.1062  0.003192    0.1496       184       640    0.9452    0.8305    0.9118     0.469   0.03514   0.07395  0.001898
    67/399     23.2G    0.0401    0.1051   0.00302    0.1483       187       640    0.9158    0.8421    0.9078    0.4572   0.03548   0.07389  0.001624
    68/399     23.2G   0.04049    0.1084  0.003209    0.1521       181       640    0.9406    0.8771    0.9405    0.4884   0.03413   0.06792  0.001076
    69/399     23.2G   0.04016    0.1079  0.003367    0.1515       209       640    0.9261     0.889    0.9412    0.4856    0.0335   0.06727 0.0008286
    70/399     23.2G   0.04004    0.1055  0.003012    0.1486       241       640    0.9296    0.9158    0.9521    0.5129   0.03229   0.06457 0.0009752
    71/399     23.2G   0.03948    0.1049  0.003145    0.1475       159       640    0.9489    0.8606    0.9324    0.4914   0.03375   0.06708   0.00178
    72/399     23.2G   0.04062    0.1069  0.003163    0.1507       122       640    0.9304    0.8968    0.9372    0.4796   0.03447   0.06658 0.0009591
    73/399     23.2G   0.03976    0.1069  0.003116    0.1498       154       640    0.9414    0.8965    0.9445    0.4942    0.0332   0.06638 0.0007525
    74/399     23.2G   0.03947    0.1064  0.003449    0.1494       148       640    0.9556    0.8999    0.9515     0.505   0.03286   0.06565  0.001031
    75/399     23.2G   0.04025    0.1063  0.003133    0.1497       185       640    0.9379    0.8743    0.9343     0.505   0.03305     0.067 0.0009792
    76/399     23.2G   0.03917    0.1036  0.002765    0.1456       187       640    0.9469    0.8958    0.9474    0.5019   0.03287   0.06628 0.0007961
    77/399     23.2G   0.03956    0.1037  0.002997    0.1462       172       640    0.9524     0.874     0.939    0.4931   0.03345   0.06998  0.001071
    78/399     23.2G   0.03985    0.1066  0.003215    0.1497       176       640    0.9246    0.8594    0.9202    0.4622   0.03592   0.06971  0.001717
    79/399     23.2G   0.03938    0.1052  0.002968    0.1475       180       640    0.9199    0.8463    0.9139    0.4721   0.03482   0.07361  0.001488
    80/399     23.2G   0.03972    0.1045  0.003053    0.1472       178       640    0.9368    0.9092    0.9511    0.5083   0.03274   0.06526 0.0007626
    81/399     23.2G   0.03944    0.1062  0.003183    0.1489       174       640     0.943    0.8575    0.9212    0.4792   0.03489   0.06999  0.001091
    82/399     23.2G   0.04001     0.105  0.002968     0.148       187       640    0.9509    0.8961    0.9509    0.5118   0.03241   0.06343 0.0007642
    83/399     23.2G   0.03949    0.1044  0.002853    0.1468       155       640    0.9509    0.8875    0.9422    0.4977   0.03319   0.06471 0.0008439
    84/399     23.2G   0.03914    0.1051  0.002846     0.147       153       640    0.9189    0.8349    0.8986    0.4646   0.03562   0.07772  0.002707
    85/399     23.2G   0.03897    0.1055  0.003036    0.1475       200       640     0.928    0.8957    0.9397    0.4951   0.03357   0.06578 0.0007809
    86/399     23.2G   0.03917    0.1049  0.003115    0.1472       166       640     0.935     0.899    0.9389    0.5068   0.03299   0.06466 0.0007833
    87/399     23.2G   0.03903    0.1044  0.002908    0.1464       140       640    0.9426    0.9002    0.9468    0.5117   0.03238   0.06443 0.0009114
    88/399     23.2G   0.03888    0.1038  0.002865    0.1456       161       640    0.9501    0.8915    0.9484    0.5113    0.0325   0.06447 0.0009214
    89/399     23.2G   0.03925    0.1055  0.002914    0.1477       189       640     0.955    0.9126     0.956    0.5036   0.03268   0.06224 0.0008304
    90/399     23.2G   0.03892    0.1032  0.002963    0.1451       173       640    0.9463      0.93    0.9596    0.5175   0.03201   0.06246 0.0006486
    91/399     23.2G   0.03937    0.1048  0.002875     0.147       186       640    0.9384    0.8626    0.9272    0.4972   0.03352   0.06864  0.001235
    92/399     23.2G   0.03917    0.1032  0.003043    0.1454       187       640    0.9448    0.9085    0.9461    0.5132   0.03227   0.06287  0.000744
    93/399     23.2G   0.03884    0.1046  0.002813    0.1462       208       640    0.9365    0.8777    0.9427    0.5142   0.03251   0.06457  0.001162
    94/399     23.2G   0.03829    0.1015  0.002902    0.1427       167       640    0.9448    0.8927    0.9446    0.5063   0.03232   0.06405   0.00171
    95/399     23.2G   0.03884    0.1039  0.002901    0.1457       153       640    0.9223    0.8753    0.9242    0.4842   0.03426   0.06855  0.001829
    96/399     23.2G   0.03885    0.1029  0.002958    0.1447       182       640    0.9394    0.9146    0.9515    0.5111   0.03217   0.06332   0.00053
    97/399     23.2G   0.03908    0.1043  0.003102    0.1465       196       640    0.9151    0.8436    0.9099    0.4771   0.03505   0.07381   0.00155
    98/399     23.2G   0.03876     0.103  0.002797    0.1445       188       640    0.9498    0.9216    0.9581    0.5199   0.03173   0.06275 0.0005891
    99/399     23.2G   0.03787    0.1026    0.0029    0.1434       165       640     0.954    0.8829    0.9488    0.5053   0.03269   0.06456  0.001053
   100/399     23.2G   0.03927     0.103   0.00287    0.1452       174       640    0.9552    0.9212    0.9615    0.5367   0.03117    0.0608 0.0006529
   101/399     23.2G    0.0395    0.1045  0.002957    0.1469       194       640    0.9399    0.9196    0.9561     0.524   0.03184   0.06246 0.0008478
   102/399     23.2G    0.0384    0.1023  0.002803    0.1435       150       640    0.9366    0.9046    0.9474    0.5069   0.03279   0.06447 0.0006775
   103/399     23.2G   0.03861    0.1017  0.002614     0.143       170       640    0.9363    0.9042    0.9507    0.5237   0.03184   0.06312 0.0007807
   104/399     23.2G   0.03855    0.1025  0.002774    0.1438       177       640    0.9546    0.9216    0.9571    0.5294   0.03154   0.06208 0.0004221
   105/399     23.2G   0.03782     0.101  0.002679    0.1415       179       640    0.9539    0.9319    0.9674    0.5358   0.03107   0.06172 0.0004612
   106/399     23.2G   0.03867    0.1038  0.002668    0.1452       205       640    0.8935    0.8731     0.917    0.4708   0.03489   0.07154  0.001683
   107/399     23.2G   0.03842    0.1012  0.002837    0.1425       172       640    0.9494    0.8861    0.9414    0.5036   0.03297   0.06534  0.001337
   108/399     23.2G    0.0388    0.1033  0.002741    0.1449       195       640    0.9617    0.9029    0.9576    0.5355   0.03083   0.06241   0.00046
   109/399     23.2G   0.03878   0.09971  0.002956    0.1415       210       640     0.926    0.8648    0.9156    0.4771   0.03484   0.07039   0.00141
   110/399     23.2G   0.03814    0.1002  0.002605    0.1409       169       640    0.9526    0.9389    0.9679    0.5399   0.03074   0.05918 0.0004785
   111/399     23.2G    0.0383    0.1024  0.002666    0.1434       195       640    0.9589    0.9165    0.9619    0.5391   0.03074   0.06067 0.0008359
   112/399     23.2G    0.0383    0.1012  0.002947    0.1424       152       640    0.9346    0.9386    0.9618    0.5276    0.0314    0.0612 0.0008716
   113/399     23.2G   0.03797    0.1027  0.002692    0.1434       154       640    0.9564    0.9043    0.9554    0.5198   0.03241   0.06266 0.0009009
   114/399     23.2G   0.03781    0.1005  0.002805    0.1411       186       640    0.9484    0.9571    0.9723    0.5423   0.03047   0.05921 0.0004229
   115/399     23.2G   0.03791   0.09876  0.002351     0.139       182       640    0.9502    0.9133     0.956    0.5278    0.0317   0.06281 0.0007536
   116/399     23.2G   0.03785    0.1025  0.002669     0.143       188       640    0.9543    0.9153    0.9543    0.5309   0.03157   0.06339  0.000728
   117/399     23.2G   0.03787    0.1005  0.002576    0.1409       212       640    0.9611    0.9237    0.9622    0.5392   0.03074   0.06012  0.000584
   118/399     23.2G   0.03795    0.1016   0.00276    0.1423       232       640    0.9348    0.8199    0.9023    0.4739   0.03478   0.07419   0.00213
   119/399     23.2G   0.03776   0.09883  0.002655    0.1392       181       640    0.9598    0.9418    0.9667    0.5428   0.03027   0.05904 0.0004502
   120/399     23.2G   0.03819    0.1014  0.002664    0.1423       175       640    0.9551     0.916    0.9561    0.5257   0.03171   0.06265 0.0005203
   121/399     23.2G   0.03682    0.1004  0.002536    0.1398       187       640    0.9336    0.8798    0.9392    0.4961   0.03368   0.06744 0.0009475
   122/399     23.2G    0.0382   0.09955  0.002522    0.1403       137       640    0.9469     0.928    0.9639    0.5336     0.031   0.06087 0.0005963
   123/399     23.2G   0.03757    0.1006  0.002719    0.1409       185       640    0.9594    0.9288    0.9695    0.5322   0.03109   0.06036 0.0005297
   124/399     23.2G   0.03721    0.1017  0.002508    0.1414       167       640    0.9656    0.9259    0.9727    0.5561   0.03002   0.05925 0.0004087
   125/399     23.2G   0.03789    0.1016  0.002579    0.1421       174       640    0.9452     0.927     0.962    0.5389     0.031   0.06135 0.0005574
   126/399     23.2G    0.0373    0.1002  0.002504      0.14       144       640    0.9327    0.9532    0.9664    0.5359   0.03076   0.06081 0.0004101
   127/399     23.2G   0.03709   0.09983  0.002813    0.1397       179       640    0.9562    0.9177     0.959    0.5461    0.0302   0.06099 0.0006097
   128/399     23.2G   0.03796   0.09893   0.00248    0.1394       175       640    0.9468    0.9415    0.9701    0.5522    0.0301    0.0599  0.000552
   129/399     23.2G   0.03769    0.0998  0.002914    0.1404       167       640    0.8815    0.8269    0.8868    0.4435   0.03685   0.07384   0.00451
   130/399     23.2G   0.03769   0.09932  0.002746    0.1398       226       640     0.956    0.9264    0.9627     0.545   0.03057    0.0608 0.0006973
   131/399     23.2G   0.03717    0.1007  0.002644    0.1405       169       640    0.9583    0.9219    0.9625    0.5411   0.03032   0.06046  0.000681
   132/399     23.2G   0.03753    0.1011  0.002712    0.1413       216       640    0.9592    0.9463    0.9738    0.5494   0.02995   0.05854  0.000566
   133/399     23.2G    0.0377     0.102  0.002483    0.1421       208       640     0.964    0.9309    0.9684    0.5476   0.03005   0.05948 0.0005654
   134/399     23.2G   0.03732   0.09815  0.002425    0.1379       171       640    0.9543    0.9183    0.9557    0.5202   0.03152    0.0631 0.0005431
   135/399     23.2G   0.03676    0.1005  0.002828    0.1401       197       640    0.9489    0.9504    0.9701     0.557   0.02961   0.05909 0.0006888
   136/399     23.2G   0.03705   0.09784  0.002461    0.1374       161       640     0.962     0.925    0.9668    0.5415   0.03087    0.0599  0.000479
   137/399     23.2G   0.03683   0.09751  0.002438    0.1368       229       640     0.967     0.929     0.968    0.5508   0.03016   0.06008 0.0003742
   138/399     23.2G   0.03729   0.09886   0.00254    0.1387       187       640    0.9527    0.9499     0.973    0.5559   0.02958   0.05877 0.0004195
   139/399     23.2G   0.03652   0.09993  0.002483    0.1389       133       640    0.9704    0.9354     0.973    0.5645   0.02945   0.05758 0.0003481
   140/399     23.2G   0.03727   0.09762  0.002457    0.1374       163       640    0.9449    0.9451    0.9671    0.5548    0.0297    0.0586 0.0004018
   141/399     23.2G   0.03666   0.09876  0.002504    0.1379       198       640    0.9438    0.9386    0.9677    0.5538   0.02953   0.05926   0.00075
   142/399     23.2G   0.03637   0.09685  0.002543    0.1358       152       640    0.9616    0.9434    0.9759    0.5598   0.02948   0.05847  0.000368
   143/399     23.2G    0.0367   0.09788  0.002405     0.137       165       640    0.9545      0.92    0.9629    0.5331   0.03117   0.06097 0.0006078
   144/399     23.2G   0.03616   0.09663  0.002478    0.1353       192       640    0.9594    0.9408    0.9734    0.5537   0.02967   0.05856 0.0003466
   145/399     23.2G   0.03665   0.09823  0.002541    0.1374       172       640    0.9533    0.9534    0.9744    0.5663   0.02895   0.05759 0.0002702
   146/399     23.2G   0.03678   0.09722  0.002413    0.1364       189       640    0.9605    0.9252    0.9628    0.5381   0.03084   0.06221 0.0005897
   147/399     23.2G   0.03697    0.0981  0.002357    0.1374       149       640    0.9518    0.9524    0.9758    0.5593   0.02953   0.05798 0.0003736
   148/399     23.2G   0.03648   0.09912  0.002537    0.1381       202       640    0.9427    0.9349    0.9627    0.5456   0.03045   0.05971 0.0006135
   149/399     23.2G   0.03638   0.09813  0.002523     0.137       188       640    0.9604    0.9446     0.975    0.5586   0.02958   0.05773 0.0003954
   150/399     23.2G   0.03608   0.09765  0.002574    0.1363       164       640     0.957    0.9228    0.9637    0.5408   0.03084   0.06005 0.0006807
   151/399     23.2G   0.03588   0.09694  0.002237    0.1351       175       640    0.9677    0.9365    0.9735    0.5629   0.02931   0.05768 0.0007208
   152/399     23.2G   0.03628   0.09615   0.00232    0.1347       146       640    0.9583    0.9238     0.962    0.5486   0.03047   0.06024 0.0003879
   153/399     23.2G   0.03661   0.09857  0.002654    0.1378       160       640    0.9428    0.9196    0.9535     0.529   0.03122   0.06412 0.0005955
   154/399     23.2G   0.03623   0.09645  0.002449    0.1351       136       640    0.9471    0.9572    0.9721    0.5644   0.02937    0.0576 0.0004048
   155/399     23.2G   0.03609   0.09747  0.002242    0.1358       194       640     0.955    0.9392    0.9706    0.5607   0.02946   0.05838 0.0004865
   156/399     23.2G   0.03619   0.09546  0.002389     0.134       168       640    0.9416    0.9101    0.9544    0.5225   0.03203    0.0623  0.001112
   157/399     23.2G   0.03631   0.09745    0.0023    0.1361       182       640     0.966    0.9531    0.9785     0.573   0.02876   0.05629    0.0003
   158/399     23.2G   0.03585   0.09826  0.002558    0.1367       159       640    0.9518    0.9628    0.9766    0.5717   0.02858   0.05683 0.0003493
   159/399     23.2G   0.03615   0.09577  0.002219    0.1341       152       640    0.8291    0.6235    0.6939     0.308   0.04567   0.09826  0.008957
   160/399     23.2G   0.03544   0.09669  0.002402    0.1345       195       640    0.9588    0.9448    0.9672     0.558   0.02937   0.05873 0.0003413
   161/399     23.2G   0.03634   0.09711  0.002407    0.1359       178       640    0.9651    0.9511    0.9739    0.5749   0.02865   0.05698 0.0004103
   162/399     23.2G   0.03586   0.09599  0.002489    0.1343       138       640    0.9697    0.9422    0.9791    0.5737   0.02866   0.05696 0.0004406
   163/399     23.2G   0.03589   0.09537  0.002317    0.1336       156       640    0.9506    0.9579    0.9765    0.5668   0.02895   0.05714 0.0003016
   164/399     23.2G   0.03624   0.09562  0.002669    0.1345       164       640    0.9584    0.9537    0.9741    0.5759   0.02893   0.05705 0.0003697
   165/399     23.2G   0.03557   0.09507  0.002291    0.1329       219       640     0.966     0.953    0.9784    0.5824   0.02815   0.05627 0.0003538
   166/399     23.2G   0.03571   0.09652  0.002342    0.1346       232       640    0.9648    0.9454    0.9741    0.5705   0.02886   0.05766 0.0004933
   167/399     23.2G   0.03553   0.09597  0.002407    0.1339       160       640    0.9719    0.9475    0.9789    0.5851   0.02819   0.05557 0.0003082
   168/399     23.2G   0.03538   0.09568  0.002373    0.1334       179       640    0.9538    0.9497    0.9761    0.5755   0.02861   0.05695 0.0002975
   169/399     23.2G   0.03616   0.09491  0.002293    0.1334       178       640    0.9523    0.9536    0.9758    0.5675   0.02951   0.05702 0.0003092
   170/399     23.2G   0.03557   0.09721  0.002426    0.1352       145       640    0.9684    0.9467    0.9771    0.5772   0.02865   0.05677 0.0003433
   171/399     23.2G   0.03587    0.0973  0.002335    0.1355       191       640     0.968    0.9496     0.978     0.581   0.02847   0.05676  0.000391
   172/399     23.2G   0.03488   0.09636  0.002365    0.1336       186       640    0.9648    0.9459    0.9748    0.5736    0.0288   0.05704 0.0002745
   173/399     23.2G   0.03599   0.09708  0.002373    0.1355       147       640    0.9646    0.9646    0.9844     0.586   0.02794   0.05505 0.0002328
   174/399     23.2G    0.0354   0.09673  0.002331    0.1345       203       640    0.9709    0.9681    0.9853    0.5883   0.02786   0.05506 0.0002174
   175/399     23.2G   0.03567   0.09453  0.002357    0.1326       149       640    0.9677     0.962     0.983    0.5803   0.02818   0.05568 0.0003296
   176/399     23.2G   0.03521    0.0953  0.002146    0.1327       191       640    0.9501    0.9476    0.9701    0.5728   0.02864   0.05746 0.0002879
   177/399     23.2G   0.03478   0.09705  0.002363    0.1342       200       640    0.9664     0.954    0.9782    0.5728   0.02853   0.05642 0.0003903
   178/399     23.2G   0.03499   0.09491  0.002283    0.1322       166       640    0.9668    0.9638    0.9825    0.5827   0.02805   0.05569 0.0003382
   179/399     23.2G    0.0353   0.09474  0.002274    0.1323       171       640    0.9758    0.9548     0.981    0.5856   0.02763   0.05598 0.0003669
   180/399     23.2G   0.03555   0.09598  0.002416    0.1339       149       640    0.9777    0.9411    0.9811    0.5857   0.02787   0.05583 0.0002427
   181/399     23.2G   0.03478    0.0954  0.002322    0.1325       166       640    0.9763    0.9485    0.9793    0.5892   0.02795   0.05511 0.0002552
   182/399     23.2G    0.0348   0.09571  0.002284    0.1328       190       640     0.968    0.9596    0.9813    0.5988   0.02721   0.05418 0.0002308
   183/399     23.2G   0.03406    0.0932   0.00204    0.1293       183       640    0.9458    0.9208    0.9578    0.5202   0.03172    0.0618 0.0008954
   184/399     23.2G   0.03528   0.09336  0.002159    0.1308       187       640    0.9757      0.96     0.984    0.5928   0.02762   0.05479 0.0002745
   185/399     23.2G   0.03449   0.09216  0.002155    0.1288       212       640    0.9658     0.966    0.9828    0.5928    0.0276   0.05471 0.0002234
   186/399     23.2G   0.03433   0.09279  0.002089    0.1292       181       640    0.9616    0.9578    0.9799    0.5835   0.02804    0.0557 0.0003057
   187/399     23.2G   0.03483   0.09448  0.002315    0.1316       175       640    0.9681    0.9719    0.9835    0.5947   0.02745   0.05512 0.0002725
   188/399     23.2G   0.03455   0.09403   0.00226    0.1308       173       640    0.9601    0.9717    0.9854    0.5963   0.02757   0.05472 0.0002799
   189/399     23.2G   0.03461   0.09446  0.002164    0.1312       203       640    0.9662    0.9562    0.9795      0.59   0.02764   0.05503 0.0002518
   190/399     23.2G   0.03473   0.09368   0.00223    0.1306       167       640    0.9759    0.9492    0.9826    0.6028    0.0269   0.05397 0.0003534
   191/399     23.2G   0.03481   0.09325  0.002159    0.1302       215       640    0.9702    0.9616    0.9833    0.5975    0.0274   0.05463 0.0003242
   192/399     23.2G   0.03448     0.095  0.002491     0.132       197       640    0.9649    0.9689    0.9837    0.6038   0.02714   0.05402 0.0003499
   193/399     23.2G   0.03432   0.09337   0.00211    0.1298       171       640    0.9654    0.9566    0.9829    0.5945    0.0276   0.05496 0.0002261
   194/399     23.2G   0.03472    0.0942  0.002357    0.1313       163       640    0.9686    0.9501    0.9817    0.5924   0.02775   0.05549 0.0002823
   195/399     23.2G   0.03425    0.0932  0.002258    0.1297       178       640    0.9627    0.9671    0.9859    0.6107   0.02671   0.05337  0.000239
   196/399     23.2G   0.03402    0.0923  0.002209    0.1285       178       640    0.9592    0.9645    0.9814     0.594   0.02739   0.05538 0.0002827
   197/399     23.2G   0.03429   0.09373   0.00217    0.1302       167       640     0.965     0.964      0.98    0.5946   0.02734   0.05476 0.0002672
   198/399     23.2G   0.03361   0.08914  0.002054    0.1248       177       640    0.9631    0.9608    0.9818    0.6033     0.027    0.0544 0.0002548
   199/399     23.2G   0.03441   0.09311  0.002172    0.1297       157       640    0.9651    0.9722    0.9884    0.6084   0.02663   0.05309 0.0002309
   200/399     23.2G   0.03388   0.09234  0.002208    0.1284       173       640    0.9596    0.9703    0.9815    0.6041   0.02687   0.05389  0.000285
   201/399     23.2G   0.03391   0.09177  0.002343     0.128       170       640    0.9515    0.9767    0.9844    0.5993   0.02724   0.05453 0.0002479
   202/399     23.2G   0.03393   0.09164  0.002207    0.1278       203       640    0.9709    0.9591    0.9841    0.6022   0.02699   0.05485 0.0002123
   203/399     23.2G   0.03316   0.09087  0.001971     0.126       173       640     0.964    0.9623    0.9827    0.6082   0.02681   0.05452 0.0002073
   204/399     23.2G   0.03381   0.09156  0.002103    0.1275       206       640    0.9706    0.9645    0.9845    0.6038   0.02695   0.05446 0.0002301
   205/399     23.2G    0.0337   0.09126  0.002116    0.1271       183       640    0.9637    0.9722    0.9868    0.6107   0.02672    0.0534 0.0002142
   206/399     23.2G   0.03447   0.09314  0.002356      0.13       201       640     0.965    0.9715    0.9876     0.617   0.02649   0.05311 0.0001941
   207/399     23.2G    0.0336   0.09114  0.002083    0.1268       180       640    0.9584    0.9663    0.9816    0.6059   0.02689   0.05393 0.0001928
   208/399     23.2G    0.0335   0.09293  0.002108    0.1285       195       640    0.9732    0.9668    0.9822    0.6048   0.02684   0.05397 0.0002186
   209/399     23.2G    0.0338   0.09267  0.002273    0.1287       159       640    0.9636    0.9715    0.9845    0.6104   0.02658    0.0535 0.0002144
   210/399     23.2G   0.03333   0.08954  0.002017    0.1249       191       640     0.967    0.9716    0.9861    0.6084   0.02672   0.05342 0.0002365
   211/399     23.2G   0.03362   0.09103  0.001983    0.1266       177       640    0.9631     0.974    0.9881    0.6111    0.0266   0.05323 0.0002275
   212/399     23.2G   0.03322   0.09153  0.002227     0.127       198       640    0.9649    0.9701    0.9858    0.6044   0.02679   0.05374 0.0002381
   213/399     23.2G   0.03343   0.09275  0.002319    0.1285       168       640    0.9696    0.9686     0.986    0.6046   0.02682   0.05362 0.0002575
   214/399     23.2G   0.03339   0.08856  0.001899    0.1238       155       640    0.9692    0.9703    0.9839    0.6087   0.02656   0.05364 0.0002606
   215/399     23.2G   0.03326   0.09088  0.002114    0.1262       161       640     0.972    0.9624    0.9838    0.6143    0.0264   0.05349 0.0002401
   216/399     23.2G   0.03318   0.09002  0.002078    0.1253       196       640    0.9727    0.9622     0.986     0.622   0.02598    0.0527 0.0002448
   217/399     23.2G   0.03276   0.09059  0.001786    0.1251       178       640    0.9629    0.9693    0.9818    0.6107   0.02642   0.05325 0.0003032
   218/399     23.2G   0.03271   0.08927  0.001874    0.1239       150       640     0.975    0.9696    0.9876    0.6192   0.02617   0.05306 0.0002232
   219/399     23.2G   0.03254   0.08792  0.001874    0.1223       177       640    0.9719    0.9667     0.987    0.6174   0.02617   0.05258 0.0002269
   220/399     23.2G   0.03258   0.09076  0.001958    0.1253       143       640    0.9745    0.9655    0.9855     0.623   0.02588   0.05236  0.000198
   221/399     23.2G   0.03303   0.09087  0.001945    0.1258       151       640    0.9744     0.961    0.9854    0.6085   0.02668   0.05389 0.0002538
   222/399     23.2G   0.03234   0.08903  0.001753    0.1231       181       640    0.9577    0.9714    0.9846     0.616   0.02627   0.05299 0.0002367
   223/399     23.2G   0.03261   0.08907  0.002076    0.1237       199       640    0.9633    0.9715    0.9858    0.6119   0.02644   0.05311 0.0002572
   224/399     23.2G    0.0328   0.08955   0.00192    0.1243       212       640    0.9619    0.9757    0.9856    0.6157   0.02625   0.05257 0.0002357
   225/399     23.2G   0.03273   0.08839  0.001922     0.123       168       640    0.9658    0.9712    0.9871    0.6192   0.02597   0.05242   0.00022
   226/399     23.2G   0.03244   0.08876  0.002115    0.1233       214       640    0.9674    0.9702    0.9854    0.6162   0.02615   0.05269 0.0002319
   227/399     23.2G   0.03183   0.08831   0.00188     0.122       189       640    0.9631    0.9761    0.9857    0.6224   0.02584   0.05239 0.0002082
   228/399     23.2G    0.0324   0.08998  0.001964    0.1243       151       640    0.9664    0.9746    0.9857    0.6279   0.02553    0.0518 0.0002033
   229/399     23.2G   0.03279   0.09162   0.00223    0.1266       197       640    0.9717     0.976    0.9912     0.624   0.02568   0.05215 0.0002195
   230/399     23.2G   0.03249   0.08866  0.002049    0.1232       159       640    0.9741    0.9728    0.9901    0.6252   0.02568   0.05222 0.0002111
   231/399     23.2G    0.0321   0.09019  0.001792    0.1241       171       640    0.9742     0.976    0.9896    0.6295   0.02556    0.0516  0.000179
   232/399     23.2G   0.03202    0.0879   0.00189    0.1218       153       640    0.9777    0.9768    0.9897    0.6327   0.02524   0.05122 0.0001926
   233/399     23.2G   0.03209   0.08825  0.001934    0.1223       140       640    0.9738    0.9732     0.988    0.6233   0.02581    0.0521 0.0002077
   234/399     23.2G   0.03242   0.08809  0.001895    0.1224       143       640    0.9655    0.9792    0.9871    0.6249   0.02554   0.05169 0.0001886
   235/399     23.2G   0.03193    0.0868  0.001882    0.1206       215       640    0.9699    0.9736    0.9882    0.6275   0.02549   0.05174 0.0001764
   236/399     23.2G   0.03187   0.08731  0.001729    0.1209       142       640    0.9659    0.9788    0.9886    0.6314   0.02531   0.05163  0.000177
   237/399     23.2G   0.03162   0.08722  0.001683    0.1205       172       640    0.9657    0.9767    0.9886    0.6349    0.0251   0.05138 0.0001772
   238/399     23.2G   0.03171   0.08709  0.001908    0.1207       145       640    0.9744      0.97    0.9852    0.6304   0.02533   0.05163 0.0001825
   239/399     23.2G   0.03222   0.08984  0.002078    0.1241       222       640    0.9684    0.9729    0.9858    0.6326   0.02519   0.05164  0.000185
   240/399     23.2G   0.03187   0.08732  0.001897    0.1211       148       640    0.9739    0.9737    0.9881    0.6278   0.02549   0.05171 0.0001972
   241/399     23.2G   0.03109   0.08779  0.001703    0.1206       163       640    0.9717    0.9717    0.9866    0.6281   0.02544   0.05179 0.0001864
   242/399     23.2G   0.03203   0.08722  0.001794     0.121       171       640    0.9706    0.9686    0.9864    0.6266   0.02544    0.0521 0.0002027
   243/399     23.2G   0.03106   0.08768  0.001931    0.1207       135       640    0.9702    0.9686    0.9859    0.6305   0.02524   0.05173 0.0002215
   244/399     23.2G   0.03098   0.08586  0.001861    0.1187       176       640    0.9632    0.9758    0.9846    0.6318    0.0251   0.05158 0.0002221
   245/399     23.2G   0.03123   0.08735  0.001899    0.1205       195       640    0.9738     0.974    0.9892    0.6337   0.02504   0.05147 0.0002088
   246/399     23.2G   0.03181   0.08908  0.002125     0.123       224       640    0.9741    0.9733    0.9887    0.6303   0.02541   0.05172 0.0002616
   247/399     23.2G   0.03132   0.08693  0.001924    0.1202       164       640    0.9761    0.9778    0.9908    0.6326   0.02537    0.0513 0.0002369
   248/399     23.2G   0.03137   0.08746  0.001986    0.1208       167       640    0.9691    0.9779    0.9894    0.6359   0.02496   0.05138 0.0002022
   249/399     23.2G    0.0314   0.08688  0.001855    0.1201       174       640    0.9783    0.9705    0.9901    0.6385   0.02491   0.05096 0.0002076
   250/399     23.2G    0.0311   0.08514  0.001625    0.1179       195       640    0.9796    0.9705    0.9917    0.6344   0.02511   0.05129 0.0002161
   251/399     23.2G   0.03096   0.08668  0.001855    0.1195       143       640    0.9701    0.9753    0.9876    0.6286   0.02549   0.05169  0.000198
   252/399     23.2G   0.03091   0.08555  0.001863    0.1183       133       640    0.9667    0.9791    0.9902    0.6391    0.0249   0.05103 0.0001837
   253/399     23.2G   0.03088   0.08522  0.001827    0.1179       130       640    0.9717    0.9755    0.9875    0.6358   0.02496   0.05097  0.000194
   254/399     23.2G   0.03144   0.08756  0.001879    0.1209       188       640    0.9761    0.9718    0.9884    0.6384    0.0248   0.05108    0.0002
   255/399     23.2G   0.03111   0.08633  0.001814    0.1192       165       640    0.9744    0.9728    0.9905      0.64   0.02486   0.05114 0.0001798
   256/399     23.2G   0.03105   0.08789  0.001915    0.1209       170       640    0.9741    0.9691    0.9873     0.639   0.02494   0.05117 0.0001826
   257/399     23.2G   0.03063   0.08582  0.001836    0.1183       147       640    0.9717    0.9703    0.9897    0.6419   0.02483   0.05124 0.0001817
   258/399     23.2G   0.03068     0.084  0.001712    0.1164       191       640    0.9729    0.9687     0.989    0.6431   0.02486   0.05092 0.0002014
   259/399     23.2G   0.03073   0.08697  0.001822    0.1195       160       640     0.972    0.9672    0.9865    0.6412   0.02489   0.05091 0.0002159
   260/399     23.2G   0.03027   0.08419  0.001872    0.1163       184       640    0.9754    0.9659    0.9884    0.6461   0.02462   0.05066   0.00017
   261/399     23.2G   0.03044   0.08451  0.001892    0.1168       196       640    0.9727    0.9738    0.9916    0.6464   0.02463   0.05062  0.000182
   262/399     23.2G    0.0303   0.08475   0.00176    0.1168       191       640    0.9765    0.9725    0.9899     0.647   0.02449   0.05043  0.000192
   263/399     23.2G   0.03016   0.08429  0.001605    0.1161       214       640    0.9757    0.9733    0.9903    0.6438   0.02461   0.05055 0.0002068
   264/399     23.2G   0.02963   0.08486  0.001726    0.1162       191       640    0.9704    0.9813    0.9893    0.6431   0.02465   0.05038  0.000193
   265/399     23.2G   0.03056   0.08608  0.001897    0.1185       162       640    0.9704    0.9784    0.9881    0.6429   0.02464   0.05068 0.0001951
   266/399     23.2G   0.02945   0.08494  0.001606     0.116       186       640    0.9736    0.9768    0.9897    0.6441   0.02467   0.05066 0.0002064
   267/399     23.2G   0.03035   0.08369  0.001753    0.1158       184       640     0.975    0.9755    0.9869    0.6432   0.02463   0.05059 0.0002005
   268/399     23.2G      0.03   0.08301  0.001663    0.1147       172       640    0.9765    0.9747    0.9883    0.6468   0.02437   0.05048 0.0002051
   269/399     23.2G   0.03019   0.08442  0.001706    0.1163       157       640     0.977    0.9742    0.9888    0.6501   0.02434   0.05042 0.0002105
   270/399     23.2G   0.02978   0.08464  0.001647    0.1161       199       640    0.9769    0.9717    0.9899    0.6465   0.02437   0.05045 0.0002027
   271/399     23.2G   0.02981    0.0832  0.001813    0.1148       167       640    0.9752    0.9768    0.9912    0.6485   0.02429   0.05051 0.0002061
   272/399     23.2G   0.02987   0.08421  0.001815    0.1159       169       640    0.9766    0.9709    0.9877    0.6466   0.02442   0.05089 0.0002202
   273/399     23.2G    0.0299   0.08437  0.001687     0.116       154       640    0.9739    0.9775    0.9921    0.6455   0.02437   0.05061 0.0002026
   274/399     23.2G   0.02962    0.0824  0.001668    0.1137       152       640    0.9758    0.9767    0.9921      0.65   0.02415   0.05015 0.0001985
   275/399     23.2G    0.0299    0.0841  0.001839    0.1158       180       640    0.9766    0.9757    0.9908    0.6477   0.02438   0.05056 0.0002017
   276/399     23.2G   0.02929   0.08224  0.001721    0.1133       116       640    0.9771    0.9713    0.9895    0.6457   0.02449   0.05062 0.0001948
   277/399     23.2G   0.02941   0.08295  0.001571    0.1139       146       640    0.9741    0.9772    0.9906     0.651   0.02403   0.05018 0.0001863
   278/399     23.2G   0.02956   0.08286  0.001849    0.1143       214       640     0.976    0.9763    0.9886    0.6545   0.02396   0.05016 0.0001841
   279/399     23.2G   0.02953   0.08446   0.00181    0.1158       166       640    0.9757    0.9775    0.9908    0.6507    0.0241   0.05026 0.0001869
   280/399     23.2G   0.02937   0.08206    0.0016     0.113       166       640    0.9761    0.9766    0.9902    0.6514     0.024   0.05023 0.0001874
   281/399     23.2G   0.02955   0.08346  0.001779    0.1148       145       640     0.974    0.9786     0.992    0.6498   0.02415   0.05043 0.0001946
   282/399     23.2G   0.02903   0.08107  0.001506    0.1116       150       640    0.9764      0.98    0.9915    0.6502   0.02411    0.0502 0.0001889
   283/399     23.2G   0.02911   0.08286  0.001948    0.1139       213       640    0.9759     0.978    0.9914    0.6537     0.024   0.05001 0.0001848
   284/399     23.2G   0.02918   0.08159  0.001638    0.1124       192       640    0.9726    0.9805    0.9915    0.6555   0.02396   0.04997 0.0001879
   285/399     23.2G   0.02854   0.08044  0.001568    0.1105       160       640    0.9783    0.9761     0.992    0.6585   0.02379   0.04958 0.0001966
   286/399     23.2G   0.02902   0.08271  0.001654    0.1134       160       640    0.9739    0.9808    0.9923    0.6577   0.02389   0.04972 0.0001978
   287/399     23.2G   0.02888    0.0818  0.001748    0.1124       187       640    0.9763    0.9777    0.9919    0.6564   0.02391   0.04965 0.0001879
   288/399     23.2G   0.02874   0.08069  0.001677    0.1111       186       640    0.9713    0.9811    0.9909    0.6556   0.02373   0.04945 0.0001777
   289/399     23.2G   0.02853   0.08144  0.001627    0.1116       158       640    0.9737    0.9797    0.9913     0.658   0.02369   0.04941 0.0001826
   290/399     23.2G   0.02861   0.08226  0.001627    0.1125       206       640    0.9737    0.9786    0.9899    0.6602   0.02369   0.04946 0.0001916
   291/399     23.2G   0.02868   0.08147  0.001749    0.1119       148       640    0.9725    0.9773    0.9899    0.6571   0.02375   0.04967 0.0001836
   292/399     23.2G   0.02827   0.08128  0.001513    0.1111       209       640    0.9714     0.978    0.9897    0.6567    0.0238    0.0497 0.0001977
   293/399     23.2G   0.02847   0.07966    0.0016    0.1097       167       640    0.9744    0.9744    0.9889    0.6562   0.02387   0.04961 0.0001872
   294/399     23.2G   0.02851   0.08125  0.001558    0.1113       171       640    0.9723     0.978    0.9892    0.6564   0.02387   0.04965 0.0001864
   295/399     23.2G   0.02858    0.0818  0.001695    0.1121       174       640    0.9741    0.9778    0.9905    0.6578   0.02383   0.04963 0.0001904
   296/399     23.2G   0.02843   0.08032  0.001659    0.1104       170       640    0.9757    0.9775    0.9905    0.6587   0.02377    0.0496 0.0001865
   297/399     23.2G   0.02835   0.08104  0.001665    0.1111       188       640    0.9761    0.9777    0.9904    0.6598   0.02373   0.04962 0.0001919
   298/399     23.2G   0.02809   0.07966  0.001654    0.1094       161       640    0.9745    0.9782    0.9904    0.6602   0.02368   0.04954 0.0001916
   299/399     23.2G    0.0281   0.08108  0.001536    0.1107       151       640    0.9769    0.9771    0.9905    0.6572   0.02383   0.04971 0.0001866
   300/399     23.2G   0.02849    0.0813  0.001546    0.1113       185       640     0.975    0.9782    0.9907    0.6593   0.02367   0.04962 0.0001775
   301/399     23.2G   0.02778   0.08047  0.001464    0.1097       163       640     0.976    0.9724    0.9905    0.6601   0.02362    0.0496 0.0001816
   302/399     23.2G   0.02841   0.08151  0.001752    0.1117       153       640    0.9768    0.9716    0.9907     0.661   0.02353   0.04955 0.0001823
   303/399     23.2G   0.02801   0.08048  0.001528      0.11       155       640    0.9784    0.9736    0.9903    0.6618   0.02356   0.04971 0.0001954
   304/399     23.2G   0.02767    0.0794  0.001595    0.1087       169       640    0.9777    0.9744    0.9903    0.6626   0.02357   0.04973  0.000195
   305/399     23.2G   0.02737   0.07761  0.001406    0.1064       181       640    0.9793    0.9745    0.9908    0.6629   0.02351   0.04977 0.0001959
   306/399     23.2G   0.02763    0.0786  0.001554    0.1078       147       640    0.9788     0.977    0.9904    0.6633   0.02341   0.04968 0.0001947
   307/399     23.2G   0.02725   0.07862  0.001474    0.1073       139       640    0.9773    0.9762    0.9904    0.6616   0.02337   0.04969   0.00019
   308/399     23.2G   0.02739   0.07864   0.00146    0.1075       177       640    0.9777     0.976    0.9903    0.6631   0.02334   0.04972 0.0001931
   309/399     23.2G   0.02708   0.07849  0.001432     0.107       161       640    0.9792    0.9755    0.9892     0.664   0.02331   0.04965 0.0001971
   310/399     23.2G   0.02711    0.0791  0.001378    0.1076       164       640    0.9789    0.9764    0.9907    0.6658   0.02327   0.04957 0.0002013
   311/399     23.2G   0.02752   0.07847  0.001541    0.1075       184       640    0.9756    0.9774    0.9891    0.6647   0.02327   0.04953 0.0001987
   312/399     23.2G   0.02765   0.08059  0.001724      0.11       182       640    0.9793    0.9748    0.9891    0.6644   0.02322   0.04937 0.0002044
   313/399     23.2G   0.02753   0.07781  0.001585    0.1069       167       640    0.9777    0.9767    0.9899    0.6627   0.02329   0.04945 0.0002086
   314/399     23.2G   0.02714   0.07892  0.001544    0.1076       209       640    0.9764    0.9776    0.9905    0.6656   0.02323   0.04943 0.0002119
   315/399     23.2G   0.02707   0.07739  0.001447    0.1059       161       640     0.976    0.9778    0.9912    0.6681   0.02323   0.04942 0.0002098
   316/399     23.2G   0.02652   0.07704   0.00135    0.1049       189       640    0.9772    0.9753      0.99    0.6667   0.02319   0.04941 0.0002116
   317/399     23.2G    0.0275   0.07904  0.001665    0.1082       192       640    0.9767     0.978    0.9914    0.6658   0.02317   0.04935 0.0002106
   318/399     23.2G   0.02709   0.07764  0.001582    0.1063       203       640    0.9747    0.9803    0.9913    0.6659   0.02317   0.04935 0.0002086
   319/399     23.2G   0.02706    0.0789  0.001498    0.1075       151       640    0.9751    0.9799    0.9916    0.6672    0.0232   0.04934 0.0002072
   320/399     23.2G   0.02698   0.07882  0.001621    0.1074       162       640    0.9767    0.9799    0.9917    0.6672   0.02316   0.04922 0.0002056
   321/399     23.2G   0.02706   0.07859  0.001494    0.1071       158       640    0.9782    0.9804    0.9919    0.6684   0.02312   0.04908 0.0002047
   322/399     23.2G   0.02692   0.07854   0.00171    0.1072       200       640    0.9763    0.9814    0.9913    0.6672   0.02311   0.04902 0.0001999
   323/399     23.2G   0.02646   0.07711  0.001457     0.105       181       640    0.9764    0.9808    0.9909    0.6686   0.02309   0.04898 0.0001993
   324/399     23.2G   0.02645   0.07693  0.001466    0.1048       208       640    0.9775    0.9819    0.9913    0.6682   0.02306   0.04897 0.0001947
   325/399     23.2G   0.02654   0.07653  0.001486    0.1045       158       640     0.977    0.9809    0.9903     0.669     0.023   0.04895 0.0001921
   326/399     23.2G   0.02642   0.07691  0.001494    0.1048       184       640     0.977    0.9805    0.9906    0.6687   0.02302   0.04896 0.0001864
   327/399     23.2G   0.02646   0.07566  0.001486    0.1036       173       640    0.9769    0.9783    0.9908    0.6686   0.02299   0.04896 0.0001823
   328/399     23.2G   0.02637   0.07748  0.001433    0.1053       140       640     0.977    0.9783     0.991    0.6721   0.02293   0.04884 0.0001835
   329/399     23.2G   0.02666   0.07833  0.001578    0.1066       189       640    0.9786    0.9786    0.9919    0.6713   0.02298   0.04891 0.0001832
   330/399     23.2G   0.02636   0.07658  0.001469    0.1044       154       640     0.977    0.9797    0.9917    0.6718   0.02299   0.04892 0.0001825
   331/399     23.2G   0.02657   0.07759  0.001601    0.1058       170       640    0.9758    0.9805    0.9909    0.6721   0.02293   0.04889 0.0001786
   332/399     23.2G   0.02618   0.07857  0.001373    0.1061       174       640    0.9754    0.9808    0.9912    0.6712   0.02293   0.04894 0.0001781
   333/399     23.2G   0.02606   0.07717  0.001419    0.1047       164       640    0.9754    0.9794    0.9911    0.6709   0.02294   0.04897 0.0001804
   334/399     23.2G   0.02669   0.07766  0.001669     0.106       181       640    0.9734    0.9824    0.9913    0.6721   0.02283   0.04888 0.0001812
   335/399     23.2G   0.02602   0.07683  0.001468    0.1043       185       640    0.9772    0.9777    0.9908      0.67   0.02288   0.04891  0.000183
   336/399     23.2G   0.02589   0.07459  0.001527     0.102       160       640    0.9761    0.9799    0.9916    0.6741   0.02272   0.04875 0.0001747
   337/399     23.2G   0.02581   0.07535  0.001365    0.1025       162       640    0.9769    0.9808    0.9919    0.6739   0.02273   0.04872 0.0001704
   338/399     23.2G   0.02597   0.07608  0.001377    0.1034       141       640    0.9784    0.9796    0.9919    0.6732   0.02274   0.04871  0.000173
   339/399     23.2G   0.02555   0.07541  0.001219    0.1022       169       640    0.9785    0.9799    0.9921    0.6739    0.0227   0.04867 0.0001724
   340/399     23.2G   0.02582   0.07515  0.001372    0.1023       143       640    0.9795    0.9781    0.9913    0.6744   0.02269   0.04865 0.0001745
   341/399     23.2G   0.02565   0.07538  0.001518    0.1025       165       640     0.979    0.9795    0.9921    0.6754   0.02276   0.04878 0.0001757
   342/399     23.2G   0.02554   0.07442  0.001325    0.1013       175       640     0.979    0.9791    0.9923    0.6743   0.02271   0.04871  0.000174
   343/399     23.2G   0.02569   0.07523  0.001547    0.1025       163       640    0.9802    0.9782    0.9917    0.6737   0.02276   0.04883 0.0001729
   344/399     23.2G   0.02541   0.07566   0.00138    0.1025       181       640    0.9814    0.9782    0.9923    0.6737   0.02279   0.04884 0.0001733
   345/399     23.2G   0.02563    0.0754  0.001513    0.1026       148       640     0.979    0.9787    0.9922    0.6768    0.0227   0.04869 0.0001712
   346/399     23.2G   0.02551   0.07639  0.001469    0.1034       190       640    0.9744    0.9842     0.992    0.6768   0.02264   0.04864  0.000167
   347/399     23.2G   0.02561   0.07572  0.001522    0.1029       208       640    0.9737    0.9841    0.9923    0.6751    0.0226   0.04855 0.0001648
   348/399     23.2G   0.02585   0.07623  0.001604    0.1037       179       640    0.9758    0.9833    0.9922    0.6762   0.02264   0.04858 0.0001652
   349/399     23.2G   0.02509   0.07546  0.001364    0.1019       156       640    0.9746    0.9835    0.9922    0.6768   0.02261   0.04856 0.0001645
   350/399     23.2G   0.02549   0.07571  0.001589    0.1028       171       640    0.9814    0.9761    0.9918    0.6755   0.02265   0.04862 0.0001617
   351/399     23.2G   0.02517    0.0748  0.001445    0.1014       165       640    0.9754    0.9834     0.992    0.6776   0.02255   0.04854 0.0001608
   352/399     23.2G   0.02506   0.07396  0.001319    0.1003       143       640    0.9804    0.9779     0.992    0.6773   0.02253   0.04853 0.0001591
   353/399     23.2G   0.02501   0.07424  0.001358    0.1006       176       640    0.9797    0.9786    0.9922    0.6775   0.02249   0.04853 0.0001579
   354/399     23.2G   0.02505   0.07464  0.001419    0.1011       201       640      0.98    0.9784    0.9923    0.6796   0.02242   0.04842 0.0001571
   355/399     23.2G   0.02499    0.0738  0.001392    0.1002       178       640    0.9816     0.976    0.9923      0.68   0.02241   0.04837 0.0001563
   356/399     23.2G   0.02483   0.07304  0.001252   0.09911       150       640    0.9751    0.9825    0.9916    0.6786   0.02247   0.04848 0.0001563
   357/399     23.2G   0.02484   0.07429  0.001427    0.1006       171       640    0.9758    0.9823    0.9919    0.6781   0.02245   0.04844 0.0001547
   358/399     23.2G   0.02501   0.07502  0.001514    0.1015       154       640    0.9788    0.9775    0.9914    0.6778   0.02246   0.04851 0.0001533
   359/399     23.2G   0.02475   0.07365  0.001409   0.09981       145       640    0.9821    0.9752    0.9915    0.6781   0.02251   0.04857 0.0001528
   360/399     23.2G   0.02478   0.07451  0.001387    0.1007       178       640    0.9758    0.9835    0.9916    0.6786   0.02244   0.04852 0.0001527
   361/399     23.2G   0.02456   0.07508  0.001259    0.1009       210       640    0.9764    0.9818    0.9919    0.6788   0.02245   0.04853 0.0001493
   362/399     23.2G   0.02482   0.07376  0.001455       0.1       207       640    0.9753    0.9839    0.9923    0.6786   0.02243   0.04846 0.0001483
   363/399     23.2G   0.02485   0.07453  0.001384    0.1008       203       640    0.9757    0.9842    0.9922    0.6784   0.02243   0.04854 0.0001473
   364/399     23.2G   0.02431   0.07112  0.001094   0.09652       188       640    0.9739    0.9829    0.9917    0.6792   0.02244    0.0485 0.0001479
   365/399     23.2G   0.02476   0.07423  0.001363    0.1004       189       640    0.9731    0.9829    0.9918    0.6803   0.02242   0.04855 0.0001484
   366/399     23.2G   0.02467   0.07371  0.001476   0.09986       181       640    0.9744    0.9828    0.9926    0.6806   0.02239   0.04851 0.0001475
   367/399     23.2G    0.0247   0.07467  0.001436    0.1008       173       640    0.9819    0.9734    0.9923    0.6812   0.02238   0.04854 0.0001481
   368/399     23.2G   0.02436   0.07212  0.001334   0.09781       137       640     0.974     0.982    0.9925    0.6802   0.02236   0.04855 0.0001491
   369/399     23.2G   0.02463    0.0737  0.001457   0.09979       193       640    0.9754    0.9824    0.9925    0.6814   0.02235   0.04855 0.0001502
   370/399     23.2G   0.02445   0.07313  0.001353   0.09893       180       640     0.974    0.9822    0.9917    0.6815   0.02233   0.04852 0.0001478
   371/399     23.2G   0.02478   0.07237  0.001444    0.0986       201       640    0.9753     0.983    0.9923    0.6828    0.0223   0.04853 0.0001472
   372/399     23.2G   0.02407   0.07284  0.001238   0.09814       172       640    0.9745    0.9828    0.9923    0.6811   0.02232   0.04858 0.0001464
   373/399     23.2G   0.02403   0.07127  0.001161   0.09645       153       640    0.9746    0.9829    0.9922    0.6816    0.0223   0.04858 0.0001475
   374/399     23.2G   0.02448   0.07349  0.001447   0.09942       187       640    0.9749    0.9824    0.9922    0.6825    0.0223   0.04862 0.0001478
   375/399     23.2G   0.02434   0.07374  0.001407   0.09949       236       640    0.9757    0.9818    0.9922     0.682   0.02231   0.04861 0.0001478
   376/399     23.2G   0.02433   0.07185  0.001339   0.09752       166       640    0.9759    0.9829    0.9922    0.6821   0.02227   0.04853 0.0001457
   377/399     23.2G   0.02403   0.07239  0.001294   0.09772       145       640    0.9748    0.9827    0.9919    0.6833   0.02229   0.04857 0.0001469
   378/399     23.2G   0.02412   0.07201  0.001351   0.09748       166       640    0.9758    0.9821    0.9923    0.6828   0.02228    0.0486 0.0001458
   379/399     23.2G   0.02402   0.07296  0.001218    0.0982       199       640    0.9757    0.9823    0.9921    0.6833   0.02228   0.04857  0.000145
   380/399     23.2G   0.02401   0.07214  0.001294   0.09744       170       640    0.9752    0.9828    0.9924     0.683   0.02228   0.04857  0.000145
   381/399     23.2G   0.02414   0.07268  0.001327   0.09815       186       640     0.973    0.9823    0.9921    0.6825   0.02227   0.04858 0.0001443
   382/399     23.2G   0.02401   0.07219  0.001306   0.09751       167       640    0.9724    0.9829    0.9921     0.683   0.02226   0.04858 0.0001442
   383/399     23.2G   0.02398   0.07226  0.001257    0.0975       147       640    0.9731    0.9839     0.992    0.6841   0.02225   0.04862 0.0001443
   384/399     23.2G   0.02352   0.07051  0.001256   0.09528       150       640    0.9733    0.9841    0.9918    0.6832   0.02224   0.04862 0.0001427
   385/399     23.2G    0.0238   0.07212  0.001223   0.09714       208       640    0.9746    0.9835     0.992     0.684   0.02224   0.04862 0.0001415
   386/399     23.2G   0.02378   0.07143  0.001271   0.09649       191       640    0.9729    0.9841    0.9921    0.6836   0.02225   0.04866 0.0001421
   387/399     23.2G   0.02386   0.07147  0.001381   0.09671       194       640     0.973    0.9833    0.9917    0.6838   0.02226   0.04872 0.0001428
   388/399     23.2G   0.02399   0.07294  0.001378   0.09831       219       640    0.9739    0.9833     0.992    0.6838   0.02226    0.0487 0.0001427
   389/399     23.2G   0.02379   0.07242  0.001277   0.09749       191       640    0.9754    0.9827    0.9917    0.6835   0.02225   0.04866  0.000142
   390/399     23.2G   0.02378   0.07103  0.001264   0.09607       196       640    0.9766    0.9803    0.9915    0.6839   0.02225    0.0487 0.0001425
   391/399     23.2G   0.02379   0.07204  0.001282   0.09711       153       640    0.9764    0.9807    0.9915    0.6834   0.02224    0.0487 0.0001426
   392/399     23.2G   0.02333    0.0701  0.001258   0.09468       200       640    0.9763    0.9807    0.9919    0.6831   0.02222   0.04866 0.0001438
   393/399     23.2G   0.02368   0.07206  0.001299   0.09704       177       640    0.9771    0.9806    0.9917    0.6833    0.0222   0.04865 0.0001422
   394/399     23.2G   0.02366   0.07094  0.001363   0.09596       171       640    0.9769    0.9807    0.9918    0.6832   0.02222   0.04871 0.0001422
   395/399     23.2G   0.02391    0.0726  0.001308   0.09783       210       640    0.9774    0.9814    0.9915    0.6836   0.02222   0.04873 0.0001425
   396/399     23.2G   0.02349    0.0708  0.001212    0.0955       198       640    0.9788    0.9783    0.9918    0.6833   0.02223   0.04874 0.0001425
   397/399     23.2G   0.02336   0.06975  0.001238   0.09434       180       640    0.9757    0.9815    0.9916    0.6834   0.02222   0.04878 0.0001433
   398/399     23.2G   0.02393    0.0706  0.001282   0.09582       161       640    0.9765    0.9807    0.9917    0.6833   0.02222   0.04874  0.000142
   399/399     23.2G   0.02383   0.07295  0.001408   0.09819       247       640    0.9781    0.9791    0.9915     0.683    0.0222   0.04874  0.000142
